413991
394806
567767
448258
540424
497554
494229
491000
521656
525118
394213
608808
517077
513787
510477
472898
503807
500633
374593
488980
490607
482550
483988
480131
477369
474057
470893
520333
464418
374884
457699
454382
513412
449885
643752
641335
603801
618784
525721
523285
629006
475339
624738
622631
620523
624476
405723
581008
604190
610003
616054
613414
403534
399801
478430
468267
496268
564004
473367
257219
546846
566201
373752
454244
474312
419840
415862
411690
428878
425144
421165
569203
566372
549518
562287
545500
558161
387458
398193
552059
401717
403201
576080
547454
516665
537223
528397
432790
502772
517580
363909
353001
435187
497084
349713
497223
343100
328309
424811
461022
460715
326017
461615
458778
455648
452525
456204
446251
299225
294213
415175
427020
447114
286519
437268
427835
396547
282044
410062
326723
462383
319963
272182
313431
309712
305564
439879
437470
339652
430193
351900
343414
339166
352185
348562
407998
416506
416582
397200
401532
389215
396769
379967
386875
382458
378984
375285
367352
355288
361815
358322
354849
349817
346140
345715
338530
339989
333216
329266
327751
323447
319159
315193
310865
306520
302539
298199
294223
202027
280913
277885
274660
276901
266616
262212
266120
255815
252648
249426
246215
243000
239779
236561
235747
215815
230494
226957
223421
215926
216666
212105
209310
207986
197601
183929
198765
194026
189774
182013
186586
175451
178367
169662
165954
157136
159957
149765
152587
142391
150045
141061
137168
132936
122750
125583
119634
116596
112591
108568
109838
96065
99372
90479
112786
87861
160129
89719
151801
160507
171469
143224
139683
64460
156195
155861
148135
57460
77241
57317
145186
61518
46879
138418
52128
49999
132154
130676
129196
127719
126178
124765
123288
121782
136384
192715
108953
188057
102185
114742
305501
280815
249704
294755
452764
293999
321574
333075
329365
357044
268270
270544
312157
266662
303534
253520
294901
233008
365659
342775
360013
339062
275691
271993
270364
264703
260241
353501
327540
329448
327547
314270
289936
315428
326218
310227
307288
328675
311439
297883
304215
327943
301261
207180
292908
293794
290501
287136
283746
280409
259071
279532
248470
272106
269002
265760
262561
259229
255898
252853
249739
246143
236124
240411
237320
234208
231092
227976
224860
224905
614186
215449
200379
196386
196800
188490
181467
160936
175741
176169
167876
188986
166072
162194
149999
153808
156867
368181
269785
295486
357753
465704
350284
346401
266389
338172
258031
327667
325914
322025
316637
315638
596410
608302
558173
597560
298820
295034
537453
287703
279400
271959
273726
497316
507434
258381
240358
247484
551106
435007
513371
537293
489656
443945
529289
490250
533576
529295
525950
532906
614548
625996
638546
536184
602439
533878
499373
629466
488269
623562
488972
556372
452596
553971
606374
599567
544602
502999
708031
632233
494287
481189
477121
473034
468985
448974
460384
456191
444338
446939
443832
431807
435379
431308
437942
424841
420769
415980
423323
410490
406457
402385
409746
391590
387090
390780
386834
382709
378548
374659
370584
366512
362440
350309
364587
351491
347424
343399
339385
346048
479313
567941
565551
559139
550196
536333
507168
545405
533151
521642
533599
512047
515997
499521
504313
507814
514895
503245
505237
497961
499427
475109
457155
488704
484687
478758
430171
466647
465601
311084
458215
456240
452211
447582
444189
440476
438930
430245
430145
427465
426707
404533
417326
400376
410598
401099
402379
373287
384826
390213
380539
386253
373803
377169
363839
317831
353312
362341
350079
361134
353487
342710
352604
344226
332732
328265
331707
330838
319200
326615
325290
323982
255004
312716
319679
312295
290154
306400
303529
288255
294895
144446
289485
281333
287109
282957
281687
259176
141870
113288
272014
269111
270667
287739
303807
279768
264196
380457
369987
263758
369469
361336
255984
360050
355075
352943
350369
347033
343696
340328
336994
334235
330518
306170
324606
321278
317950
314622
310003
307887
195514
190914
294525
292054
288725
284859
281530
270423
274314
270414
265406
264915
261555
258223
254769
251559
248197
244866
241535
238204
234872
231521
228210
224883
221102
219356
212415
206084
207948
203938
200468
198007
194589
189122
187705
184263
180791
177349
173907
166777
166131
163210
163246
160305
157423
154213
143920
148453
55211
144013
142694
140279
142664
141334
138086
137691
136280
134753
133226
131701
130176
128648
127120
125593
115755
122400
120803
117551
115955
114360
111108
109513
107857
106576
101880
59939
98345
97005
95665
94321
92983
90679
89368
88040
86698
84561
83209
81879
80537
79195
76910
74774
72472
70177
68835
66699
65357
64015
62674
61332
59990
58648
57266
35309
54233
52482
50343
49001
47659
46317
44975
43633
40106
38764
37422
37028
33768
32427
31085
29744
28402
27060
25718
24375
23034
21694
20354
18854
17354
15207
15346
15302
20850
19106
51195
52412
50497
49016
48382
46335
44162
41651
40207
39380
35364
32039
29132
27604
25671
22520
21045
16345
138117
138305
141225
398304
298530
460465
458674
482714
529747
528635
479047
476237
477400
504639
436232
488040
482224
458854
456796
437273
447122
484085
440911
436075
463891
426698
431505
418335
413499
408663
403823
398987
394725
389889
385053
380199
375363
370548
406534
375135
455491
451206
436254
348347
345633
437305
379197
372730
426053
399996
429503
377823
370051
412657
413805
375793
405301
350066
299276
341633
320115
334422
330217
326004
321767
317574
313357
309140
304923
329011
324791
320571
363566
313826
329878
330779
309914
317557
214027
242320
278643
283029
326216
284567
293273
222271
290754
281879
302257
297862
273993
289803
192960
238418
190226
187389
184482
181575
178668
175769
172862
169971
167051
164153
161246
158339
155357
152547
149529
146481
143847
232105
135329
134202
130228
123158
125222
119142
116549
95306
113880
108482
97193
85237
102250
99341
96441
88504
90635
87693
84835
81838
78692
118720
162543
80994
69231
99912
153340
146366
145276
144039
141922
141845
139064
137124
135436
133538
131603
129396
127749
125828
123958
122100
120284
118426
116568
113134
112850
110934
110272
106094
105473
103521
102008
99115
97240
97923
94733
88816
86941
86373
86234
81607
76730
71853
69869
67885
66255
61465
55791
55162
56373
51672
47824
46178
47170
44378
42589
39876
40026
35357
34064
28992
23934
22365
58938
98766
121648
123921
129214
127777
122966
120004
118587
116731
115245
113316
108471
107060
105450
103941
168521
100990
118875
93931
90629
90224
92733
141290
166014
123395
84494
79891
122944
101033
61038
59202
66001
137676
105904
136933
98654
130401
103278
126856
122112
119513
113076
111306
109491
107746
106360
104593
103778
95709
122858
118298
126393
169668
172277
155688
146881
157419
152623
135664
146155
146201
123988
143844
142127
137396
135661
112617
129426
124600
107412
120535
116531
93456
113812
109004
85942
106227
104880
100064
95240
93902
78082
275020
278025
277911
275513
273114
270415
267233
264636
263518
259379
257842
317687
253554
255142
307322
241820
241866
147790
146438
237128
235782
228712
231888
228121
228181
243966
224466
283190
219650
278344
317634
300749
204244
207663
267896
264342
309045
306164
298298
288245
295322
320843
316735
300069
310032
301567
273335
267812
263265
273637
239046
285511
273815
246042
244600
274508
237892
235128
268856
226707
228980
259139
209294
247816
249736
247737
243303
241422
203062
235739
280681
202186
276886
227452
225425
223398
221335
217974
190588
188701
235084
208542
172838
252832
249854
246377
196925
167736
186459
192610
162419
232942
156778
228871
178424
210187
177630
207473
174417
134000
168769
210517
206751
203030
199273
197142
195159
191499
190178
187887
186011
183496
181427
179533
177227
174895
172657
169431
168076
165784
163494
161892
160268
147896
148116
153402
151505
149472
147152
145191
143230
141229
139381
137491
135210
133307
130377
128456
126175
123894
120717
118703
115035
114811
112969
106045
108628
106756
101950
102139
100962
99360
97021
94627
93527
91943
90003
87991
86080
82671
81087
79467
76663
74300
71842
68941
66470
64337
61769
59971
57544
54916
51390
50116
47407
45516
42110
39799
37893
35987
31526
29229
26582
24927
23022
20858
18692
17024
14329
12518
10709
8779
5741
3471
1807
0
