421592
547595
545567
543559
541530
497554
494280
491000
528407
525118
394213
608808
517077
513787
510477
507259
503946
500633
373734
493917
490607
487297
483988
480679
477369
474057
470893
467732
464418
374884
457699
454382
451220
449885
643752
641335
604109
618784
525855
523285
629006
626845
624738
622631
620523
624476
419181
416392
626733
610003
616054
619990
403534
399801
396134
468267
496268
524610
473367
257219
562248
566201
373752
454244
474406
419840
415862
411690
428878
425144
421165
569203
566399
549612
562287
545500
558175
387735
401009
552059
401982
403201
538330
506748
527098
538429
528449
432885
514922
519143
364135
359972
501078
505363
350362
498455
343460
339309
494488
332332
328177
326017
461877
458778
455648
452525
449394
446269
303147
298957
417046
429142
444840
286519
437577
434561
396732
282044
410062
327627
462410
320359
272182
314064
309814
305564
440498
437470
339652
430193
351900
343414
339166
352377
348562
407998
416506
416582
409453
404398
389215
396769
379967
386875
384128
379064
375285
367352
355288
361815
358329
354849
349817
346140
346221
338530
339995
333216
329266
327759
323490
319159
315193
310865
306520
302539
298199
294223
272368
281106
277885
274660
276901
266616
263395
266120
255837
252648
249426
246215
243000
239779
236561
235747
217831
230494
226957
223421
215998
216702
213057
209415
207986
197601
183929
198765
194026
189835
181034
186586
175451
178878
169749
166067
157136
159957
149765
152587
142391
150045
141166
137168
132936
122750
125583
121599
116596
112591
108568
109838
96065
99372
90479
112786
87861
160163
89856
151801
171056
171473
144736
139906
65039
157774
156374
154541
57883
78467
57338
145700
61518
49763
141810
52198
49999
132154
130676
129196
127719
126242
124765
123288
121811
136384
192715
108953
188057
102566
114772
305529
280815
300092
295203
290324
293999
334983
333322
329439
325619
268270
263451
312172
254823
303534
254534
294901
237414
365659
342876
360013
339062
275691
271993
270364
264703
260241
353501
333223
329448
344072
323586
320063
316540
326431
310423
307288
328675
311439
297883
304215
327943
301261
207180
292908
293794
290501
287136
283772
280409
259071
279532
251642
272106
269002
265794
262561
259229
255967
252853
249739
246625
243509
240411
237320
234208
231092
227976
224860
224974
218627
215449
200379
196386
196800
188490
181467
177092
175741
176169
167876
188986
166072
162194
150894
153808
156867
368181
269785
295486
357753
351715
350284
346401
266389
338172
258154
327667
325914
322025
318052
315638
456284
608302
558181
601430
299462
295073
589666
287703
283324
278945
274553
270348
564912
262929
258691
256549
551106
548080
545076
540936
489656
443945
529613
524717
533576
529295
525950
532906
614548
629799
626568
536184
602439
533878
528115
629466
522480
623819
488972
556599
512519
554217
607356
604132
544602
502999
669054
632233
494287
481189
477121
473059
468985
449116
460435
456366
444338
447905
443832
431807
435379
431308
437942
424841
420769
416697
423323
410529
406457
402385
409746
391590
387106
390780
386834
382762
378689
374659
370584
366512
362440
350309
364587
351491
347424
343399
339385
346048
479487
567941
565551
561526
558840
553485
549460
545435
541410
537385
535952
535646
531629
517860
523248
519235
515218
511187
507156
503139
499427
496740
492723
488704
484687
480670
466901
472289
468272
464255
460238
456240
452223
448206
444189
440476
439044
436356
432339
430724
426707
422690
418672
414655
410634
406627
402610
398593
384826
390213
387568
386253
373803
379181
365434
361061
364998
364808
359331
361134
355248
342710
352604
349836
332732
328265
336297
330838
328035
326662
325290
323982
255018
322442
319679
312295
308160
308645
305882
303119
300353
144714
290176
291766
290404
282957
281687
282057
141870
83075
272014
270272
270667
287739
303807
280401
276209
380457
376906
265013
369469
365867
255984
360152
359951
353701
350369
347033
343696
340334
336997
334235
330518
327817
324606
321278
317950
314622
311300
307969
195543
190914
295383
292054
288725
284859
281530
278093
274314
270535
268243
264915
261555
258223
254891
251559
248197
244866
241535
238204
234872
231542
228210
224883
221550
221339
214642
211296
207963
204669
201340
198007
194589
191147
187705
184263
180791
177349
173907
170465
166682
163210
163246
160339
157432
154873
148100
148453
55211
144013
142694
140279
142664
141334
138086
137691
136280
134753
133226
131701
130176
128648
127120
125593
123995
122400
120803
117551
115955
114360
111108
109513
107918
106576
101975
100632
98347
97005
95665
94324
92983
90682
89380
88040
86698
84561
83219
81879
80537
79195
76910
74774
72472
70177
68835
66699
65357
64015
62674
61332
59990
58648
57306
55964
54622
52482
50343
49001
47659
46317
44975
43633
40106
38764
37422
37028
33768
32427
31085
29744
28402
27060
25718
24375
23034
21694
20354
18854
17354
15207
15346
15302
20850
19106
51195
52412
50497
49016
48382
46335
44162
41651
40207
39380
35364
32039
29132
27604
25671
22520
21045
16345
138117
138305
141225
398304
298530
460465
458674
482714
530124
528635
479047
476237
477432
506396
488097
492276
464496
458854
456796
451959
447122
484085
440911
436075
463891
426698
438277
418335
413499
408663
403823
398987
394725
389889
385053
380199
375363
370548
406534
375135
455491
451226
436254
348347
345633
437305
379197
372730
426053
399996
429503
391491
370051
348544
413805
375793
405301
350066
345850
341633
320115
334430
330217
326004
321791
317574
313357
309140
304923
329011
324791
320571
363566
315474
330402
330779
309914
317587
214437
242320
278648
283229
326216
318018
293273
222271
290754
281976
302257
298085
273993
289803
192960
238418
190226
187389
184482
181575
178668
175769
172862
169971
167060
164153
161246
158339
155432
152547
149635
146749
143847
232322
135488
134202
131301
128399
125502
122600
119699
116790
113880
110970
108061
105151
102250
99341
96441
93542
90635
87735
84835
81838
78841
119564
162543
80994
69231
99912
153403
146366
146155
144039
141922
141845
139064
137124
135436
133538
131603
129673
127749
125828
123958
122100
120284
118426
116568
114709
112850
110934
110272
106137
105473
103521
102008
99115
97240
98008
94733
88816
86941
86373
86234
81607
76730
71853
69869
67885
66255
61465
61777
55162
56373
51672
47824
46178
47170
44527
42589
39876
40026
35360
34064
28992
23934
22365
58938
98766
121648
130531
129214
127777
122966
120004
118587
116731
115245
113316
108471
107060
105450
103993
102576
101057
119698
93931
92433
91042
92733
142011
173125
125449
84718
79897
123755
101033
61038
59202
66001
137676
105904
136933
98654
130401
103278
126856
122112
119513
113076
111306
109491
107746
106360
104593
103778
102258
122858
118298
126393
171958
172277
155688
146881
157419
152623
135664
146155
146201
123988
143844
142127
137396
135661
112617
129426
124600
107412
120535
116531
93526
113832
109004
85942
106227
104880
100064
95240
93902
78082
275020
278025
277911
275513
273114
270715
268316
265914
263518
259536
257842
317687
253554
255269
307322
243553
241866
147790
146438
237461
235782
234102
231888
229682
228181
225967
224466
283190
219650
278344
322773
217078
209120
207663
267896
266433
309045
307439
302597
301146
298932
323904
327348
315165
310060
304955
299850
297225
263265
261048
294543
287850
282748
246042
244600
274762
238079
236635
269019
230422
228980
259139
222448
252667
251854
249491
243470
241422
202502
235739
280958
202424
276886
227452
225425
223398
221375
219354
190588
188719
235084
212236
175161
254050
250268
246487
197058
168293
193085
193066
162419
232942
156778
228871
179602
211338
177630
207473
174417
216153
168769
210517
206751
203030
199273
197142
195159
192470
190178
187887
186011
183719
181427
179533
177241
174949
172657
170366
168076
165784
163494
161892
160268
157979
155690
153402
151505
149472
147152
145191
143230
141269
139381
137491
135210
133307
130387
128456
126175
123894
120745
118703
116757
114811
113204
110924
108644
106756
104477
102866
100962
99360
97462
95423
93527
91943
90003
87995
86080
82671
81087
79503
76663
74300
71842
68941
66482
64337
61878
60003
57544
55076
52594
50116
47407
45516
42110
39799
37893
35987
31526
29229
26582
24927
23022
20858
18694
17024
14329
12518
10709
8779
5741
3471
1807
0
