Index	ID	Freq	iHH_0	iHH_1	iHS	Std iHS
250	250	0.00562149	76.1674	103.15	-0.303247	0.224619
268	268	0.00671455	76.1532	63.6312	0.179644	0.628337
276	276	0.00608994	76.6747	98.0809	-0.24622	0.272296
292	292	0.0777639	88.3706	115.543	-0.268101	0.141482
306	306	0.0062461	71.6215	73.085	-0.0202277	0.461236
310	310	0.00843223	69.7735	122.643	-0.564024	0.0065978
313	313	0.00921299	70.1433	126.839	-0.592379	-0.0171083
332	332	0.0935353	76.6782	138.557	-0.591664	-1.16375
333	333	0.0961899	76.7607	134.33	-0.559609	-1.12287
347	347	0.0103061	82.7582	68.7291	0.18575	0.633442
351	351	0.0062461	82.3135	75.8919	0.0812251	0.546055
355	355	0.119144	94.1508	130.476	-0.32629	-0.848971
364	364	0.0062461	88.4764	82.6494	0.0681287	0.535106
366	366	0.00827608	88.9222	155.705	-0.560201	0.00979386
369	369	0.0103061	89.2266	145.347	-0.487944	0.0702037
370	370	0.0181137	90.0097	111.024	-0.209831	0.302719
372	372	0.559963	117.358	151.311	-0.254108	-1
376	376	0.00530918	79.7098	151.716	-0.643619	-0.0599476
377	377	0.617114	119.995	155.083	-0.256514	1
380	380	0.00718301	76.9676	146.055	-0.640601	-0.057424
381	381	0.632573	130.496	152.769	-0.157586	-1.95924
383	383	0.00484072	117.634	164.471	-0.335162	0.197936
396	396	0.00687071	119.111	149.322	-0.226052	0.289158
404	404	0.00593379	120.133	135.714	-0.121947	0.376194
413	413	0.00827608	131.579	331.64	-0.924445	-0.294731
417	417	0.0103061	132.418	119.513	0.102537	0.563873
427	427	0.00874453	132.87	151.484	-0.131105	0.368537
431	431	0.0465334	139.442	168.682	-0.190365	0.81164
433	433	0.00640225	134.744	150.954	-0.113593	0.383178
435	435	0.108838	157.677	158.056	-0.00240327	-0.439927
446	446	0.00530918	144.875	216.341	-0.400985	0.142905
450	450	0.00968145	146.164	185.629	-0.239023	0.278313
451	451	0.00421611	144.604	102.374	0.345363	0.766886
458	458	0.0065584	145.631	115.594	0.230997	0.671271
461	461	0.00921299	146.125	127.137	0.139196	0.594522
468	468	0.0124922	147.549	200.645	-0.307379	0.221165
469	469	0.00999375	146.7	277.989	-0.639189	-0.0562437
470	470	0.0117114	148.099	162.958	-0.0956094	0.398213
472	472	0.00733916	146.494	140.079	0.0447764	0.515582
491	491	0.00593379	146.024	124.923	0.156076	0.608633
493	493	0.00687071	146.183	107.199	0.31017	0.737463
500	500	0.0104622	146.761	231.984	-0.457861	0.0953541
504	504	0.00702686	145.237	285.242	-0.674973	-0.0861612
521	521	0.0220175	143.779	177.491	-0.210643	-0.108005
529	529	0.00405996	137.497	169.962	-0.211967	0.300933
532	532	0.164116	158.115	123.488	0.247172	-0.701392
534	534	0.473298	136.329	185.168	-0.306191	-0.439002
535	535	0.465959	130.67	188.334	-0.365542	-0.537812
536	536	0.00718301	73.3587	142.806	-0.666124	-0.0787625
538	538	0.468301	132.624	186.56	-0.341237	-0.497349
540	540	0.00608994	80.292	305.701	-1.33694	-0.639593
545	545	0.0416927	85.2124	176.375	-0.727464	0.170061
547	547	0.663492	328.664	114.207	1.05702	0.279512
550	550	0.195191	103.921	370.338	-1.27078	-1.2769
554	554	0.0115553	93.3314	409.15	-1.47793	-0.757466
564	564	0.00468457	93.2465	202.037	-0.773203	-0.168286
565	565	0.0107745	94.3247	242.348	-0.943632	-0.310772
575	575	0.0032792	93.0912	252.574	-0.998124	-0.35633
585	585	0.0154591	93.5244	261.316	-1.02751	-0.380896
588	588	0.0131168	92.2713	205.567	-0.801037	-0.191556
596	596	0.00546533	89.5263	63.0082	0.351268	0.771823
599	599	0.0629294	93.0601	78.3384	0.172207	0.582066
600	600	0.013273	84.78	183.744	-0.773483	-0.16852
605	605	0.634447	259.838	95.2931	1.0031	0.38809
609	609	0.0135853	67.9325	32.4758	0.73802	1.09517
610	610	0.0124922	67.4613	17.4697	1.35109	1.60772
611	611	0.0318551	68.2492	57.6873	0.168128	0.192997
612	612	0.0457527	68.7123	32.2634	0.755994	1.94209
613	613	0.286852	93.4193	108.811	-0.152515	1.7008
616	616	0.0168645	57.1629	29.1187	0.674526	1.04208
619	619	0.00671455	56.1316	90.7923	-0.480875	0.0761135
621	621	0.0312305	58.9468	39.9463	0.389099	0.368599
623	623	0.0148345	57.4887	31.6939	0.595466	0.975983
624	624	0.532324	163.558	83.3286	0.674376	1
627	627	0.226265	61.7277	299.921	-1.58079	-1.04719
628	628	0.071674	54.284	27.1691	0.69215	1.10234
629	629	0.00827608	48.9286	516.081	-2.3559	-1.49149
630	630	0.00640225	48.9206	146.61	-1.09758	-0.439479
631	631	0.499375	142.871	93.075	0.428537	0.359938
634	634	0.0117114	53.7405	23.8292	0.813257	1.15807
635	635	0.70737	383.017	55.6	1.9299	1.32652
636	636	0.0131168	53.7156	265.016	-1.59609	-0.856255
637	637	0.0062461	52.5459	154.727	-1.07997	-0.42476
638	638	0.0685509	60.0098	287.414	-1.56642	-1.15765
639	639	0.0118676	55.5203	156.507	-1.03635	-0.38829
641	641	0.00749532	55.5646	70.9275	-0.244111	0.274059
643	643	0.669113	345.727	68.903	1.61295	1.13589
644	644	0.0188944	60.5037	154.995	-0.940686	-0.308309
646	646	0.00577764	59.447	185.062	-1.13561	-0.471271
648	648	0.00421611	59.3956	212.466	-1.27456	-0.587446
652	652	0.375547	125.767	156.217	-0.21681	1.1802
663	663	0.155059	88.367	144.833	-0.494085	-0.86314
664	664	0.674578	368.266	77.3597	1.56034	1.05485
673	673	0.00484072	68.8643	188.037	-1.0045	-0.361663
678	678	0.0065584	69.0708	501.98	-1.98343	-1.18009
681	681	0.0246721	70.5904	413.124	-1.76685	-1.3447
682	682	0.45253	184.964	134.921	0.315472	0.464897
683	683	0.45253	184.964	134.921	0.315472	0.464897
695	695	0.0137414	69.8192	579.028	-2.11544	-1.29046
698	698	0.440974	178.269	139.555	0.244832	0.308293
702	702	0.259213	133.616	134.565	-0.00708042	1.00481
717	717	0.00827608	76.2993	541.273	-1.95926	-1.15988
719	719	0.962055	195.04	81.9377	0.867247	-0.707107
720	720	0.962055	195.04	81.9377	0.867247	-0.707107
721	721	0.135072	102.431	71.1929	0.363793	-0.318106
725	725	0.0847908	91.0283	187.039	-0.720148	-1.3276
728	728	0.00452842	81.805	538.275	-1.88403	-1.09699
729	729	0.63757	336.184	97.2672	1.2402	0.867578
734	734	0.0257651	81.2523	529.159	-1.87373	-1.42963
737	737	0.621018	309.082	119.631	0.949191	0.279061
741	741	0.00374766	83.6131	228.514	-1.0054	-0.36241
743	743	0.240319	126.126	327.095	-0.952969	-0.305919
745	745	0.0151468	87.9694	625.801	-1.96204	-1.16221
747	747	0.697377	472.16	105.225	1.50122	0.740024
749	749	0.00484072	93.2646	199.509	-0.760418	-0.157597
753	753	0.00780762	94.6197	766.533	-2.09201	-1.27087
754	754	0.0062461	96.8983	1204.1	-2.51983	-1.62854
758	758	0.0131168	100.212	382.632	-1.33978	-0.641973
759	759	0.0131168	100.212	382.632	-1.33978	-0.641973
761	761	0.684416	514.556	109.724	1.54533	0.829211
764	764	0.203935	142.962	486.132	-1.2239	-1.47965
766	766	0.200812	141.649	501.316	-1.26389	-1.51074
772	772	0.0168645	115.709	65.6298	0.567046	0.952223
773	773	0.0206121	116.386	56.2075	0.727863	0.637809
774	774	0.0209244	116.45	55.0611	0.749019	0.654622
782	782	0.00530918	113.969	62.5476	0.600001	0.979775
799	799	0.503435	260.172	172.871	0.408798	1
802	802	0.0599625	124.161	343.465	-1.01751	-0.176401
812	812	0.00405996	109.723	664.092	-1.80046	-1.02712
813	813	0.0124922	111.082	747.087	-1.90591	-1.11528
816	816	0.2094	147.289	438.115	-1.09009	-1.37559
821	821	0.0131168	115.549	388.422	-1.2124	-0.535473
823	823	0.0032792	113.347	282.329	-0.912619	-0.284844
825	825	0.20128	167.578	56.8045	1.08183	0.313377
826	826	0.21143	171.624	51.6945	1.19996	0.405233
827	827	0.00577764	100.853	99.6669	0.011832	0.488039
829	829	0.213929	172.389	50.2583	1.23258	0.430601
831	831	0.214866	172.686	49.7083	1.2453	0.440495
832	832	0.0588695	113.658	323.458	-1.04588	-0.210291
833	833	0.00359151	100.626	137.437	-0.311755	0.217506
834	834	0.211118	172.017	48.7066	1.26178	0.453309
835	835	0.21549	173.552	45.1631	1.3462	0.518957
836	836	0.00390381	100.426	89.7808	0.11205	0.571826
837	837	0.212523	172.825	45.6986	1.33021	0.506522
838	838	0.0032792	101.067	144.868	-0.360044	0.177134
839	839	0.0145222	103.265	59.522	0.550953	0.938768
840	840	0.190194	163.269	47.0007	1.24524	0.539614
842	842	0.109775	136.857	59.9662	0.825152	0.60521
843	843	0.0118676	109.945	288.809	-0.965783	-0.329291
846	846	0.0131168	110.534	343.077	-1.13263	-0.468782
847	847	0.020456	112.121	246.378	-0.787289	-0.566257
850	850	0.0032792	108.057	152.517	-0.344621	0.190028
851	851	0.0159275	109.744	363.956	-1.19888	-0.524171
862	862	0.688164	525.106	106.094	1.59927	0.938251
863	863	0.0131168	99.157	343.077	-1.24125	-0.559596
867	867	0.185665	121.606	539.138	-1.48918	-1.43458
868	868	0.163023	114.237	672.705	-1.77303	-2.59423
871	871	0.0117114	103.503	288.663	-1.02566	-0.37935
873	873	0.187071	149.13	107.605	0.326355	-0.123798
876	876	0.16802	143.667	26.0139	1.70886	0.668147
877	877	0.271549	182.904	42.3412	1.4632	1.04179
878	878	0.163648	148.601	26.5489	1.72228	0.680714
882	882	0.0691755	115.855	326.542	-1.03622	-0.627117
883	883	0.00421611	102.664	80.2428	0.246408	0.684155
884	884	0.150687	146.903	32.5665	1.50649	1.07431
885	885	0.158182	150.151	31.2531	1.56952	1.13535
886	886	0.00577764	103.066	53.4901	0.655872	1.02649
890	890	0.0418488	113.433	47.7888	0.864423	2.07161
894	894	0.181293	158.271	35.7305	1.4883	0.7151
895	895	0.00577764	101.948	48.2732	0.747582	1.10316
897	897	0.70331	578.338	100.125	1.75374	1.10828
898	898	0.187227	168.225	45.3589	1.3107	0.586875
899	899	0.188007	168.562	45.318	1.3136	0.58897
900	900	0.188788	168.878	45.2524	1.31692	0.591365
901	901	0.188944	168.942	45.2582	1.31717	0.591548
902	902	0.18426	166.926	47.3224	1.26057	0.550682
904	904	0.19035	169.627	46.5089	1.29396	0.574788
905	905	0.190037	169.506	46.6325	1.29059	0.572358
912	912	0.0237352	114.742	43.1572	0.977838	0.83646
914	914	0.0110868	111.26	73.7258	0.411513	0.82219
917	917	0.187383	169.186	55.289	1.11843	0.44806
918	918	0.20253	175.334	52.5305	1.2053	0.409388
921	921	0.194097	129.486	613.411	-1.55547	-1.48243
923	923	0.21346	181.59	54.5072	1.20342	0.407925
925	925	0.214241	181.916	54.3734	1.20767	0.411231
926	926	0.214241	181.916	54.3734	1.20767	0.411231
927	927	0.214241	181.916	54.3734	1.20767	0.411231
930	930	0.21471	182.003	54.3663	1.20828	0.411706
931	931	0.00577764	108.424	59.3725	0.602221	0.981631
932	932	0.214866	181.908	53.8549	1.21721	0.418648
935	935	0.00577764	109.092	61.7202	0.569579	0.95434
936	936	0.216271	182.589	53.427	1.22892	0.427755
937	937	0.21471	181.935	54.2498	1.21005	0.413082
940	940	0.0199875	118.863	272.052	-0.828017	-0.214112
942	942	0.00421611	113.357	97.9904	0.145669	0.599933
945	945	0.138819	147.961	131.452	0.118307	-0.623517
947	947	0.0131168	114.997	349.49	-1.11157	-0.451173
950	950	0.00374766	112.355	39.2465	1.0518	1.3575
955	955	0.00780762	113.563	46.4652	0.893654	1.22528
961	961	0.683791	520.79	111.853	1.53816	0.814713
962	962	0.0138976	111.219	44.2438	0.921784	1.2488
963	963	0.00718301	108.692	47.1243	0.835729	1.17685
964	964	0.213304	174.915	41.07	1.44902	0.598916
968	968	0.0134291	107.928	45.0049	0.874693	1.20943
969	969	0.200656	169.667	45.084	1.32531	0.502712
970	970	0.207839	172.832	42.7369	1.39726	0.558663
977	977	0.201124	169.51	43.3522	1.36355	0.53245
978	978	0.205028	171.083	41.8323	1.40848	0.56739
979	979	0.235322	140.393	379.06	-0.993251	0.0099571
980	980	0.187227	163.827	42.7954	1.34238	0.60975
982	982	0.214553	175.331	36.8176	1.5607	0.685758
984	984	0.00421611	105.813	662.171	-1.83386	-1.05504
986	986	0.00577764	106.529	64.344	0.50417	0.899656
989	989	0.0651156	118.401	382.972	-1.17388	-0.764871
990	990	0.171768	156.648	44.6797	1.25448	0.242413
991	991	0.167708	155.123	46.7299	1.19984	0.191211
993	993	0.00405996	104.022	97.5976	0.0637484	0.531444
995	995	0.193785	126.284	605.39	-1.56734	-1.491
996	996	0.205497	172.602	41.8198	1.41762	0.574494
1006	1006	0.0705809	129.109	335.382	-0.954613	-0.545462
1015	1015	0.00374766	114.985	112.734	0.0197695	0.494675
1019	1019	0.147876	156.812	49.2346	1.15845	0.737256
1020	1020	0.133979	151.25	52.3644	1.0607	0.54893
1021	1021	0.0179575	112.832	42.9466	0.965941	1.28572
1022	1022	0.13273	150.72	52.2951	1.05852	0.546218
1023	1023	0.19925	174.532	31.738	1.70459	0.871259
1025	1025	0.137726	153.267	43.7946	1.25267	0.787755
1029	1029	0.00640225	113.785	1188	-2.34571	-1.48297
1030	1030	0.00421611	113.808	157.091	-0.322307	0.208684
1032	1032	0.202217	139.441	517.101	-1.3106	-1.54706
1033	1033	0.00577764	111.155	80.5982	0.32145	0.746894
1035	1035	0.00577764	111.152	80.5982	0.321418	0.746867
1037	1037	0.200968	137.637	572.048	-1.4246	-1.63572
1038	1038	0.200187	137.411	577.776	-1.43621	-1.64475
1046	1046	0.156933	153.306	107.241	0.357356	-0.0385646
1050	1050	0.00421611	109.455	157.091	-0.36131	0.176075
1051	1051	0.00546533	109.958	80.4253	0.312772	0.739638
1052	1052	0.00515303	109.896	92.7043	0.170115	0.620371
1053	1053	0.00421611	109.462	362.424	-1.19724	-0.5228
1054	1054	0.00858838	110.405	204.507	-0.616452	-0.0372346
1057	1057	0.219082	171.633	82.7688	0.729307	0.0392384
1060	1060	0.0772954	126.657	281.802	-0.799721	-0.390472
1062	1062	0.00577764	110.769	76.2827	0.373004	0.789995
1063	1063	0.00827608	111.208	207.965	-0.625964	-0.0451872
1066	1066	0.0131168	111.742	359.377	-1.16818	-0.498503
1069	1069	0.202686	168.056	37.1816	1.50848	0.645155
1070	1070	0.202061	167.8	37.2591	1.50487	0.642348
1071	1071	0.00671455	103.481	42.3645	0.893079	1.2248
1074	1074	0.213616	172.153	34.5366	1.60637	0.721272
1075	1075	0.21268	171.782	34.5084	1.60502	0.720226
1076	1076	0.212836	171.85	34.4609	1.60679	0.721604
1077	1077	0.185197	159.843	37.7714	1.44264	0.682132
1079	1079	0.174266	155.391	38.904	1.38485	0.364556
1080	1080	0.172392	154.659	35.4435	1.47328	0.447415
1081	1081	0.683011	516.632	99.6228	1.64594	1.0326
1082	1082	0.393348	203.101	169.387	0.181517	-nan
1085	1085	0.210337	169.34	38.8825	1.47137	0.616291
1089	1089	0.214241	171.115	38.4035	1.49419	0.634038
1090	1090	0.214241	171.115	38.4035	1.49419	0.634038
1091	1091	0.193473	162.442	44.439	1.2962	0.576411
1093	1093	0.198157	130.706	552.134	-1.44084	-1.39967
1095	1095	0.211587	169.499	42.2715	1.38874	0.552036
1097	1097	0.214866	171.322	41.8356	1.4098	0.568412
1098	1098	0.215022	171.336	41.7763	1.4113	0.56958
1100	1100	0.214866	171.352	41.8653	1.40926	0.567995
1101	1101	0.214866	171.352	41.8653	1.40926	0.567995
1102	1102	0.214866	171.352	41.8653	1.40926	0.567995
1103	1103	0.224547	140.279	475.067	-1.21982	-0.397705
1107	1107	0.214866	184.221	44.7668	1.41467	0.5722
1108	1108	0.213304	183.698	45.2704	1.40064	0.561292
1109	1109	0.213304	183.698	45.2704	1.40064	0.561292
1110	1110	0.213304	183.698	45.2704	1.40064	0.561292
1111	1111	0.0178014	113.856	53.9488	0.746898	1.10259
1112	1112	0.213304	183.691	45.0949	1.40449	0.564283
1113	1113	0.00608994	111.056	59.1348	0.630215	1.00504
1114	1114	0.213148	183.494	45.1116	1.40304	0.56316
1117	1117	0.21471	184.167	44.8282	1.41301	0.57091
1119	1119	0.00468457	111.077	110.446	0.00569778	0.482911
1121	1121	0.214866	184.084	44.6241	1.41712	0.574106
1123	1123	0.214866	184.1	44.6241	1.4172	0.574172
1127	1127	0.214397	183.816	44.6585	1.41489	0.572372
1131	1131	0.0267021	115.575	362.159	-1.14216	-0.848266
1132	1132	0.137414	140.919	148.496	-0.0523778	-0.835868
1133	1133	0.0702686	123.879	53.9132	0.831931	1.24221
1134	1134	0.21143	175.029	29.5266	1.77966	0.856032
1135	1135	0.210806	174.774	29.6112	1.77534	0.852674
1136	1136	0.0134291	109.238	335.451	-1.12195	-0.45985
1139	1139	0.438788	174.46	253.812	-0.374901	-0.547796
1141	1141	0.00811993	104.808	44.5962	0.854478	1.19253
1142	1142	0.00484072	104.136	673.108	-1.86621	-1.08209
1146	1146	0.00827608	105.224	31.697	1.19987	1.48129
1147	1147	0.696127	558.238	114.145	1.58731	0.914076
1150	1150	0.0131168	115.045	358.501	-1.13661	-0.472108
1152	1152	0.196596	176.5	34.5257	1.63162	0.818572
1153	1153	0.207058	180.723	32.8338	1.70551	0.798369
1155	1155	0.206277	180.637	33.1242	1.69622	0.791148
1157	1157	0.210025	182.203	32.3626	1.72812	0.81595
1159	1159	0.21143	182.76	31.9614	1.74365	0.828026
1160	1160	0.209557	182.122	32.4856	1.72388	0.812655
1162	1162	0.208932	181.869	32.4776	1.72274	0.811766
1163	1163	0.206277	180.816	32.9	1.70401	0.797203
1164	1164	0.00593379	111.1	909.093	-2.10202	-1.27924
1165	1165	0.08401	133.332	43.5185	1.11966	1.01872
1166	1166	0.00593379	111.398	909.093	-2.09934	-1.277
1168	1168	0.180512	170.477	33.4648	1.6281	0.816035
1172	1172	0.00452842	115.967	114.366	0.0139008	0.489769
1173	1173	0.0131168	117.722	368.445	-1.14096	-0.47575
1178	1178	0.00671455	116.406	40.676	1.05145	1.3572
1179	1179	0.0104622	116.74	174.316	-0.40092	0.14296
1181	1181	0.202217	136.756	557.069	-1.40449	-1.62008
1182	1182	0.020456	113.527	286.053	-0.924137	-0.675007
1183	1183	0.0473142	119.15	529.797	-1.49211	-0.743333
1184	1184	0.0182698	112.828	21.4167	1.66169	1.8674
1185	1185	0.0273267	114.925	20.1747	1.73985	1.44202
1190	1190	0.0980637	133.396	42.5164	1.14343	1.04904
1192	1192	0.0131168	109.241	365.053	-1.20648	-0.530529
1193	1193	0.207058	172.476	21.9083	2.06339	1.07667
1196	1196	0.186602	164.023	24.109	1.91742	1.02492
1198	1198	0.186602	164.031	24.1154	1.9172	1.02476
1200	1200	0.189725	150.9	118.627	0.240628	-0.185692
1202	1202	0.0193629	110.584	28.129	1.36898	1.62267
1205	1205	0.150843	149.858	28.2047	1.6702	1.23286
1207	1207	0.200187	169.612	21.8648	2.04864	1.0652
1208	1208	0.224547	131.145	487.533	-1.31306	-0.565463
1209	1209	0.200968	175.058	23.4296	2.01112	1.03602
1212	1212	0.0065584	110.096	51.75	0.754932	1.1093
1213	1213	0.180668	165.563	26.8946	1.81743	0.952721
1215	1215	0.179419	164.934	27.2638	1.79998	0.753523
1216	1216	0.0120237	111.6	23.686	1.55004	1.77405
1217	1217	0.194566	172.209	25.3344	1.91654	1.02428
1218	1218	0.193785	171.648	25.4567	1.90846	1.01845
1219	1219	0.0950968	134.528	61.7371	0.778885	0.58413
1220	1220	0.0107745	111.602	29.058	1.34565	1.60317
1221	1221	0.507964	205.414	220.09	-0.069011	-1
1222	1222	0.0849469	121.697	217.325	-0.579859	-1.14869
1223	1223	0.103529	135.876	60.8152	0.803906	0.578377
1224	1224	0.236571	107.111	813.692	-2.02771	-1.85134
1225	1225	0.00811993	135.219	77.3473	0.558594	0.945156
1226	1226	0.13351	178.811	45.3761	1.37135	0.935402
1230	1230	0.0113991	136.538	394.34	-1.06061	-0.408569
1232	1232	0.113523	172.362	59.9124	1.05671	0.897653
1233	1233	0.214241	219.448	36.6616	1.78938	0.863592
1236	1236	0.21471	220.044	36.8757	1.78628	0.861178
1237	1237	0.21471	220.044	36.8757	1.78628	0.861178
1240	1240	0.102592	168.151	64.2192	0.962557	0.778742
1242	1242	0.0131168	139.845	377.629	-0.993377	-0.352361
1245	1245	0.00640225	138.031	54.3462	0.932103	1.25743
1249	1249	0.214866	219.828	54.0505	1.40293	0.56307
1251	1251	0.0118676	137.448	456.877	-1.20117	-0.526085
1252	1252	0.214866	220.504	54.4337	1.39893	0.559964
1253	1253	0.00577764	135.972	116.721	0.152661	0.605779
1255	1255	0.21471	220.466	54.7458	1.39304	0.555382
1256	1256	0.214866	220.602	54.7011	1.39448	0.556499
1257	1257	0.215178	220.797	54.5571	1.398	0.559236
1261	1261	0.00374766	136.116	248.839	-0.603299	-0.0262383
1262	1262	0.214866	220.762	54.8357	1.39275	0.555152
1263	1263	0.0573079	147.936	382.304	-0.949439	-0.0950941
1264	1264	0.214866	217.605	54.0082	1.39355	0.555776
1266	1266	0.214866	217.605	53.9952	1.39379	0.555963
1269	1269	0.217208	218.846	52.7137	1.42349	0.579063
1273	1273	0.214866	217.763	53.8266	1.39764	0.55896
1274	1274	0.214866	217.763	53.8266	1.39764	0.55896
1275	1275	0.214866	217.763	53.8266	1.39764	0.55896
1278	1278	0.0474703	146.32	541.266	-1.30812	-0.523545
1279	1279	0.205184	219.189	54.7622	1.38693	0.550634
1280	1280	0.20534	219.274	54.7002	1.38845	0.551815
1281	1281	0.0131168	140.566	378.195	-0.989734	-0.349316
1282	1282	0.08604	165.987	77.3466	0.763615	0.564656
1284	1284	0.00827608	140.633	66.3478	0.75124	1.10622
1285	1285	0.209713	223.726	46.3472	1.57426	0.696308
1287	1287	0.211274	224.465	45.8637	1.58805	0.707027
1288	1288	0.210806	224.382	45.8361	1.58828	0.707207
1289	1289	0.210806	224.332	45.7972	1.5889	0.707693
1290	1290	0.21065	224.286	45.8635	1.58725	0.706409
1291	1291	0.205965	221.648	46.8325	1.55451	0.68095
1296	1296	0.00577764	141.025	113.77	0.214757	0.657694
1297	1297	0.00577764	141.025	113.77	0.214757	0.657694
1298	1298	0.00421611	140.769	49.5089	1.04497	1.35179
1299	1299	0.207839	222.904	44.7636	1.60534	0.720477
1300	1300	0.210962	224.563	43.6947	1.63693	0.745039
1301	1301	0.0104622	140.035	204.986	-0.381049	0.159573
1302	1302	0.210337	224.956	43.4171	1.64505	0.751355
1304	1304	0.17208	205.778	48.0724	1.45409	0.429433
1305	1305	0.0190506	148.175	41.4134	1.27479	1.54393
1307	1307	0.018426	147.973	38.6253	1.34313	1.60106
1308	1308	0.0179575	147.844	38.883	1.3356	1.59477
1310	1310	0.12742	187.721	44.2248	1.44567	1.02787
1311	1311	0.124297	185.95	45.552	1.40663	0.979294
1312	1312	0.125234	186.909	45.1101	1.42151	0.997816
1313	1313	0.12258	184.913	45.765	1.39637	0.96653
1320	1320	0.237508	177.755	473.037	-0.97877	0.0360127
1321	1321	0.643192	212.753	231.814	-0.0858023	-1.41324
1326	1326	0.230169	173.526	502.631	-1.06353	-0.116488
1329	1329	0.0140537	133.499	40.5128	1.19247	1.47511
1343	1343	0.0115553	132.943	32.6693	1.40349	1.65152
1345	1345	0.018426	134.177	30.4491	1.48311	1.71809
1348	1348	0.00468457	130.51	121.869	0.0685072	0.535422
1350	1350	0.225484	171.275	521.222	-1.11291	-0.205338
1351	1351	0.0134291	133.185	43.3238	1.12304	1.41706
1352	1352	0.165053	180.861	38.1726	1.55561	0.524553
1353	1353	0.171611	183.584	36.6907	1.61015	0.575655
1354	1354	0.17208	183.735	36.6029	1.61337	0.578672
1356	1356	0.180044	187.183	35.1063	1.67371	0.848959
1357	1357	0.186446	189.685	33.8862	1.72236	0.884084
1358	1358	0.190194	191.066	32.7695	1.76312	0.913512
1360	1360	0.190974	191.46	32.4617	1.77462	0.921816
1361	1361	0.190974	191.448	32.4823	1.77392	0.921312
1362	1362	0.191443	191.614	32.1657	1.78458	0.929008
1363	1363	0.195347	134.154	607.527	-1.51041	-1.4499
1364	1364	0.190818	178.598	31.4576	1.73649	0.89429
1365	1365	0.189257	178.021	31.6616	1.7268	0.887289
1366	1366	0.180044	174.351	32.4942	1.68001	0.853509
1369	1369	0.0107745	119.146	46.9607	0.931041	1.25654
1370	1370	0.142099	159.042	37.626	1.44148	1.01135
1371	1371	0.00749532	117.374	280.75	-0.872097	-0.250965
1373	1373	0.146627	160.268	36.177	1.48842	1.05682
1374	1374	0.148657	160.959	35.0243	1.52511	1.09235
1375	1375	0.159588	165.138	32.7402	1.61818	1.18248
1377	1377	0.160056	165.342	32.5298	1.62586	0.590376
1378	1378	0.160369	165.455	32.3181	1.63307	0.597132
1380	1380	0.160369	165.801	32.294	1.63591	0.599791
1381	1381	0.00405996	117.574	91.3713	0.252137	0.688945
1383	1383	0.169425	171.174	32.3377	1.66645	0.628403
1387	1387	0.0688632	131.151	393.845	-1.09961	-0.69055
1388	1388	0.0662086	134.634	47.3534	1.04492	1.45533
1390	1390	0.0746408	138.018	44.6833	1.12779	1.53825
1397	1397	0.234541	155.01	500.801	-1.17272	-0.312964
1400	1400	0.220175	179.155	118.725	0.411443	2.5374
1403	1403	0.00796377	121.695	324.738	-0.981504	-0.342435
1420	1420	0.144753	155.697	185.231	-0.173688	-0.552853
1424	1424	0.158807	137.523	668.516	-1.58127	-1.91602
1438	1438	0.660525	479.013	125.486	1.33954	0.714709
1440	1440	0.0457527	123.225	603.923	-1.58944	-0.859586
1443	1443	0.0135853	111.806	962.639	-2.15291	-1.32178
1446	1446	0.463929	280.222	183.57	0.422985	0.774949
1457	1457	0.00577764	131.079	182.268	-0.329677	0.202522
1469	1469	0.0165522	133.294	46.0983	1.06178	1.36584
1470	1470	0.0252967	136.287	32.5523	1.43191	1.1973
1471	1471	0.00405996	129.053	114.964	0.115596	0.574791
1472	1472	0.0263898	136.521	30.6306	1.49448	1.24703
1473	1473	0.0263898	136.521	30.6306	1.49448	1.24703
1474	1474	0.0257651	136.271	31.237	1.47304	1.22999
1475	1475	0.025609	136.238	31.4226	1.46687	1.22509
1476	1476	0.00858838	130.987	37.155	1.26	1.53156
1482	1482	0.00374766	129.778	25.6319	1.62199	1.8342
1484	1484	0.00452842	129.915	22.308	1.76194	1.95121
1485	1485	0.240631	169.961	491.64	-1.06218	-0.457253
1486	1486	0.00468457	128.212	21.0367	1.80742	1.98923
1487	1487	0.00733916	128.835	20.0779	1.85892	2.03229
1488	1488	0.00421611	128.238	113.636	0.120881	0.579209
1489	1489	0.00452842	128.478	17.1665	2.0128	2.16094
1490	1490	0.00374766	128.286	23.3177	1.70505	1.90364
1491	1491	0.00343535	128.221	26.5992	1.57288	1.79314
1496	1496	0.00780762	128.966	33.8844	1.33659	1.5956
1497	1497	0.00780762	128.966	33.8844	1.33659	1.5956
1503	1503	0.00796377	128.674	28.7447	1.49883	1.73123
1508	1508	0.0410681	135.82	232.348	-0.536903	0.397691
1514	1514	0.684572	524.79	129.132	1.40216	0.539771
1516	1516	0.00843223	116.181	59.0206	0.67726	1.04437
1517	1517	0.00515303	114.744	543.399	-1.55514	-0.82202
1518	1518	0.190037	173.181	46.4774	1.31537	0.59025
1521	1521	0.188944	172.755	46.4577	1.31333	0.588779
1522	1522	0.188007	172.074	45.8523	1.3225	0.595394
1525	1525	0.0140537	105.97	466.49	-1.48208	-0.760937
1527	1527	0.0062461	104.056	75.3356	0.322979	0.748172
1528	1528	0.00452842	103.892	62.302	0.511361	0.905668
1531	1531	0.147564	153.437	45.2807	1.22041	0.797259
1532	1532	0.180981	167.118	32.1627	1.64789	0.830322
1534	1534	0.0668332	118.177	31.0503	1.33658	1.74717
1536	1536	0.18832	170.178	28.8434	1.77496	0.922065
1537	1537	0.185978	169.12	29.84	1.73476	0.893038
1538	1538	0.185665	168.973	29.9471	1.73031	0.889822
1539	1539	0.182074	167.459	30.3055	1.70941	0.874738
1540	1540	0.00640225	102.172	73.6133	0.327828	0.752226
1541	1541	0.215803	127.251	562.536	-1.48629	-1.68369
1542	1542	0.00733916	95.7855	69.3785	0.322535	0.747801
1543	1543	0.0142099	97.6469	144.805	-0.394033	0.148717
1544	1544	0.0032792	93.7204	47.483	0.679945	1.04661
1545	1545	0.00577764	94.4887	54.1578	0.556579	0.943472
1546	1546	0.0188944	98.0207	188.9	-0.656039	-0.070331
1547	1547	0.174422	154.585	31.8702	1.57907	0.546541
1548	1548	0.175671	155.22	31.9218	1.58155	0.548862
1549	1549	0.179419	156.66	31.5114	1.60373	0.569638
1550	1550	0.179888	156.878	31.4182	1.60808	0.573718
1551	1551	0.0131168	95.8913	330.363	-1.23698	-0.556023
1553	1553	0.00421611	93.0876	40.8944	0.822549	1.16583
1555	1555	0.165365	152.579	35.1802	1.4672	0.44172
1559	1559	0.00343535	94.272	567.384	-1.79485	-1.02243
1560	1560	0.228451	134.59	517.374	-1.34653	-0.625692
1563	1563	0.00546533	97.7346	29.1673	1.20921	1.4891
1564	1564	0.00405996	97.1895	29.1243	1.20509	1.48566
1565	1565	0.00671455	97.9373	17.9876	1.69465	1.89495
1566	1566	0.00687071	98.164	17.3988	1.73024	1.92471
1567	1567	0.00671455	97.9517	20.1412	1.58171	1.80053
1568	1568	0.00671455	97.9517	20.1412	1.58171	1.80053
1573	1573	0.00515303	96.172	293.597	-1.11607	-0.454938
1576	1576	0.945815	134.093	104.657	0.247844	-nan
1577	1577	0.0121799	90.4851	691.432	-2.03358	-1.22202
1578	1578	0.0465334	96.8581	552.849	-1.74184	-1.04163
1579	1579	0.687539	456.678	103.656	1.4829	0.702993
1580	1580	0.147408	123.105	127.434	-0.0345644	-0.418119
1581	1581	0.00468457	77.4398	119.978	-0.437806	0.112122
1584	1584	0.00593379	77.6751	90.9065	-0.157297	0.346639
1585	1585	0.169113	136.867	24.5152	1.71972	0.678319
1588	1588	0.195971	146.586	21.2993	1.92894	1.03323
1590	1590	0.0176452	73.1604	779.991	-2.36663	-1.50046
1591	1591	0.197064	148.444	21.0062	1.95539	1.05233
1593	1593	0.165834	134.592	23.2756	1.75484	0.711227
1594	1594	0.0101499	77.1772	290.123	-1.3242	-0.628946
1595	1595	0.0103061	77.2002	280.872	-1.2915	-0.601603
1597	1597	0.156152	130.358	19.5539	1.89711	1.4526
1600	1600	0.112117	112.272	28.04	1.3873	1.31515
1601	1601	0.0299813	83.4126	19.6091	1.4478	1.20993
1603	1603	0.0265459	82.4071	23.909	1.23742	1.04274
1605	1605	0.202842	111.591	456.187	-1.40806	-1.62286
1606	1606	0.488757	229.289	126.219	0.596961	1.00444
1607	1607	0.0755778	88.4464	19.6739	1.50311	1.9138
1608	1608	0.0199875	69.9278	201.157	-1.05662	-0.405236
1611	1611	0.231418	93.7355	510.187	-1.6943	-1.25143
1612	1612	0.463773	237.279	82.1227	1.06102	1.83717
1613	1613	0.699407	481.769	78.0264	1.82042	1.38532
1615	1615	0.407558	173.398	187.655	-0.0790165	1.09037
1616	1616	0.174891	133.838	32.327	1.42073	0.398174
1617	1617	0.174578	133.742	32.4248	1.41699	0.394677
1620	1620	0.232667	116.841	521.642	-1.49617	-0.894935
1621	1621	0.232667	116.841	521.642	-1.49617	-0.894935
1624	1624	0.00390381	93.645	234.413	-0.917573	-0.288986
1625	1625	0.0192067	96.4611	868.757	-2.19792	-1.35942
1628	1628	0.0318551	101.085	293.099	-1.06455	-0.786594
1629	1629	0.00343535	94.9852	88.0537	0.0757737	0.541497
1634	1634	0.00390381	94.2789	109.779	-0.152214	0.350889
1640	1640	0.0095253	95.3927	31.118	1.12022	1.4147
1641	1641	0.00874453	95.2304	32.8584	1.06409	1.36778
1642	1642	0.00827608	95.1642	33.4945	1.04422	1.35116
1643	1643	0.00562149	94.7646	41.7438	0.819844	1.16357
1649	1649	0.00874453	94.1094	473.982	-1.61671	-0.873497
1652	1652	0.0427858	100.889	36.9837	1.00354	2.23779
1658	1658	0.0304497	97.9938	26.4954	1.30793	1.09878
1659	1659	0.44925	154.018	266.932	-0.549922	-1.45361
1660	1660	0.26015	163.434	83.9452	0.666247	0.307362
1661	1661	0.00499688	82.6056	716.89	-2.16084	-1.32842
1662	1662	0.00890069	81.4627	1150	-2.64738	-1.73518
1664	1664	0.00421611	81.6494	33.011	0.905594	1.23526
1665	1665	0.00546533	81.8436	29.3976	1.0239	1.33417
1666	1666	0.00405996	81.6268	36.7145	0.798986	1.14614
1667	1667	0.00515303	81.8305	32.1625	0.933848	1.25889
1669	1669	0.0062461	81.4395	195.911	-0.877801	-0.255735
1670	1670	0.00374766	81.4352	39.6997	0.718465	1.07882
1672	1672	0.00577764	81.8246	28.2301	1.06419	1.36786
1679	1679	0.00484072	81.7036	24.5442	1.20262	1.48359
1680	1680	0.146002	115.926	142.456	-0.206079	-0.584221
1681	1681	0.570425	196.522	183.402	0.0690901	-nan
1682	1682	0.036852	84.322	37.2757	0.816303	0.708091
1683	1683	0.0588695	93.9892	155.181	-0.501413	0.440085
1684	1684	0.0238913	84.6125	339.739	-1.3901	-1.0453
1685	1685	0.0362274	83.8345	634.198	-2.02352	-1.54867
1687	1687	0.0337289	87.3166	24.5019	1.27079	1.06926
1688	1688	0.00515303	81.0701	30.0073	0.993872	1.30907
1689	1689	0.029669	86.9715	29.0504	1.09655	0.930798
1690	1690	0.00405996	80.972	39.0414	0.72948	1.08803
1691	1691	0.029669	86.9714	28.9191	1.10108	0.934398
1692	1692	0.00515303	81.3402	42.3462	0.652762	1.02389
1693	1693	0.00359151	81.0934	46.3913	0.558489	0.945069
1694	1694	0.0285759	86.9435	34.5454	0.922984	0.792869
1695	1695	0.00343535	82.384	46.9545	0.562211	0.948181
1699	1699	0.658807	294.339	145.519	0.704428	0.661268
1700	1700	0.0154591	82.5986	234.048	-1.04153	-0.392621
1704	1704	0.00374766	79.9975	66.5208	0.18448	0.632381
1707	1707	0.013273	81.2492	307.303	-1.33031	-0.634055
1708	1708	0.190037	92.558	549.645	-1.78144	-1.64558
1710	1710	0.675203	325.143	115.457	1.03537	0.246155
1718	1718	0.28123	129.722	254.987	-0.675818	-0.340652
1719	1719	0.0124922	77.9168	95.5688	-0.204204	0.307423
1720	1720	0.00843223	78.0141	83.7538	-0.0709916	0.418795
1721	1721	0.00718301	77.6863	327.697	-1.43941	-0.725265
1724	1724	0.204247	106.022	484.551	-1.51957	-1.70957
1727	1727	0.0101499	81.2604	32.3787	0.920158	1.24744
1728	1728	0.0145222	81.7859	21.1681	1.35161	1.60815
1730	1730	0.0110868	81.3645	23.6731	1.2346	1.51033
1731	1731	0.0282636	83.3696	235.756	-1.03952	-0.766697
1733	1733	0.0137414	83.035	19.6874	1.43928	1.68145
1734	1734	0.0129606	82.9514	21.3172	1.35874	1.61412
1735	1735	0.00968145	82.631	27.718	1.0923	1.39136
1737	1737	0.280137	124.342	254.478	-0.716177	-0.498096
1738	1738	0.00374766	85.1691	213.41	-0.918576	-0.289824
1742	1742	0.203154	110.997	525.009	-1.55391	-1.73628
1745	1745	0.0579325	98.8366	351.833	-1.26969	-0.47764
1751	1751	0.683635	355.437	129.801	1.00734	-0.258405
1757	1757	0.00811993	85.2056	131.337	-0.432698	0.116392
1758	1758	0.00811993	85.2056	131.337	-0.432698	0.116392
1759	1759	0.00843223	85.2378	120.556	-0.346665	0.188319
1761	1761	0.00968145	85.4854	108.755	-0.240752	0.276868
1762	1762	0.00968145	85.4854	108.755	-0.240752	0.276868
1763	1763	0.047158	91.3336	523.413	-1.74585	-1.04643
1764	1764	0.685509	362.265	132.115	1.00871	-0.25565
1767	1767	0.652717	299.819	143.194	0.73898	0.751976
1773	1773	0.00765147	102.669	147.367	-0.361408	0.175993
1777	1777	0.203935	132.034	524.735	-1.37983	-1.6009
1783	1783	0.00437227	107.702	23.7347	1.51243	1.74261
1784	1784	0.00546533	107.806	36.6555	1.07877	1.38005
1785	1785	0.00640225	108.12	31.3551	1.23786	1.51306
1789	1789	0.00405996	107.606	307.672	-1.05056	-0.400165
1798	1798	0.0110868	108.947	436.921	-1.38889	-0.683028
1800	1800	0.00421611	107.537	270.099	-0.920953	-0.291811
1807	1807	0.00921299	108.001	527.153	-1.58535	-0.847278
1812	1812	0.00437227	106.548	81.6684	0.265931	0.700478
1814	1814	0.159119	134.965	169.888	-0.230124	-0.607508
1815	1815	0.161462	135.422	165.165	-0.198549	-1.11901
1817	1817	0.202061	117.123	536.634	-1.5221	-1.71153
1820	1820	0.093223	123.031	39.2169	1.14333	1.04891
1821	1821	0.093223	123.031	39.2169	1.14333	1.04891
1823	1823	0.0192067	103.149	59.3087	0.553418	0.94083
1824	1824	0.00405996	99.1461	217.528	-0.785733	-0.178762
1827	1827	0.00858838	99.6134	410.183	-1.41531	-0.705113
1828	1828	0.0302936	107.818	55.9846	0.655366	0.580197
1831	1831	0.0387258	109.746	39.4432	1.02331	0.872593
1832	1832	0.0388819	109.781	39.2962	1.02736	0.875811
1833	1833	0.0391943	109.85	38.9177	1.03767	0.884007
1834	1834	0.0329482	107.918	48.6104	0.797535	0.693176
1835	1835	0.0316989	107.639	52.4184	0.719522	0.631181
1836	1836	0.0415365	110.02	32.0458	1.2335	2.51248
1837	1837	0.0356027	108.089	42.4094	0.935587	0.802884
1838	1838	0.0463773	106.18	546.175	-1.6378	-0.91736
1839	1839	0.0370081	104.984	39.7435	0.971362	0.831313
1840	1840	0.0468457	107.906	25.0155	1.46177	2.78515
1841	1841	0.208776	150.566	115.8	0.262537	-0.323738
1842	1842	0.0326359	97.8761	47.269	0.727847	0.637797
1843	1843	0.25203	169.704	81.6781	0.73127	2.02795
1847	1847	0.0326359	105.212	50.6985	0.730085	0.639575
1849	1849	0.0316989	105.001	52.6815	0.689701	0.607483
1850	1850	0.0316989	105.001	52.6815	0.689701	0.607483
1851	1851	0.0316989	105.001	52.6815	0.689701	0.607483
1852	1852	0.0316989	105.001	52.6815	0.689701	0.607483
1853	1853	0.0318551	105.033	52.1928	0.699328	0.615133
1854	1854	0.039975	107.029	33.9104	1.14938	0.972783
1855	1855	0.0142099	100.065	28.7156	1.24838	1.52185
1858	1858	0.595409	194.224	168.211	0.143795	1
1859	1859	0.594785	193.706	168.399	0.140001	-1
1860	1860	0.175671	128.209	34.6372	1.30873	0.293244
1861	1861	0.187383	131.244	32.1828	1.40563	0.655411
1862	1862	0.187851	131.338	31.9981	1.4121	0.660083
1864	1864	0.193004	132.48	31.3583	1.44096	0.680919
1865	1865	0.166927	124.34	40.3258	1.12603	0.122059
1871	1871	0.0746408	108.206	28.3891	1.33803	1.74862
1872	1872	0.072767	107.683	28.7432	1.32079	1.73138
1873	1873	0.0722986	107.657	28.4942	1.32925	1.73984
1874	1874	0.0468457	101.925	53.1331	0.651434	1.81719
1875	1875	0.148813	125.663	164.77	-0.270942	-0.647038
1883	1883	0.0410681	103.267	296.092	-1.05335	-0.219219
1892	1892	0.00593379	97.6596	409.554	-1.43358	-0.720392
1894	1894	0.217833	108.315	620.915	-1.74615	-1.88577
1896	1896	0.226265	142.999	115.176	0.216373	2.18642
1899	1899	0.687851	370.043	127.353	1.06665	-0.138505
1900	1900	0.0110868	95.633	528.459	-1.70945	-0.951028
1902	1902	0.221736	156.031	119.551	0.266307	2.27626
1908	1908	0.0138976	113.259	366.966	-1.17559	-0.504699
1918	1918	0.00733916	113.261	47.6184	0.866476	1.20256
1920	1920	0.00452842	112.704	1284.39	-2.43328	-1.55618
1923	1923	0.0128045	114.187	357.542	-1.14141	-0.476126
1924	1924	0.0062461	112.6	35.7525	1.14722	1.43727
1925	1925	0.00499688	112.345	40.1094	1.02997	1.33925
1926	1926	0.00608994	112.368	52.2932	0.764912	1.11765
1930	1930	0.0585572	122.784	372.892	-1.11086	-0.287913
1931	1931	0.0138976	114.962	39.8254	1.0601	1.36444
1932	1932	0.0120237	114.645	42.9465	0.981888	1.29905
1933	1933	0.0109307	114.338	45.9871	0.910793	1.23961
1937	1937	0.0131168	115.104	343.08	-1.09213	-0.434924
1938	1938	0.0134291	114.771	380.387	-1.19825	-0.523647
1944	1944	0.0145222	114.935	46.1412	0.912657	1.24117
1945	1945	0.0171768	115.615	38.8623	1.09024	1.38964
1946	1946	0.0370081	118.871	28.6041	1.42449	1.19141
1947	1947	0.0366958	118.793	28.9823	1.4107	1.18045
1948	1948	0.688476	381.563	147.404	0.951097	-0.372112
1951	1951	0.0366958	111.592	29.4568	1.33193	1.11785
1952	1952	0.00733916	104.142	808.151	-2.04899	-1.2349
1953	1953	0.0331043	111.096	34.3279	1.17444	0.992696
1954	1954	0.063554	116.584	25.6039	1.51587	1.92657
1958	1958	0.236571	118.83	500.582	-1.43808	-0.790416
1967	1967	0.00733916	96.0998	20.2576	1.55686	1.77975
1968	1968	0.00796377	96.2921	29.4087	1.1861	1.46978
1969	1969	0.00577764	95.3464	196.36	-0.722434	-0.12584
1971	1971	0.166458	131.686	31.9531	1.41615	0.393889
1972	1972	0.166458	131.686	31.9531	1.41615	0.393889
1973	1973	0.167239	131.71	30.4073	1.46592	0.440523
1974	1974	0.147096	125.208	35.3867	1.26364	0.839124
1976	1976	0.12258	123.401	38.2559	1.17114	0.686327
1978	1978	0.0301374	107.761	66.456	0.483379	0.443522
1980	1980	0.265459	141.921	439.906	-1.13129	-1.34915
1987	1987	0.442848	249.353	209.798	0.172721	0.148428
1996	1996	0.0195191	148.252	506.501	-1.22861	-0.549029
1997	1997	0.0202998	148.49	474.062	-1.16082	-0.863096
2002	2002	0.013273	148.022	389.057	-0.966362	-0.329775
2005	2005	0.0118676	147.843	501.484	-1.22142	-0.543016
2031	2031	0.0115553	149.061	854.486	-1.74614	-0.981708
2035	2035	0.00765147	146.543	233.701	-0.466724	0.0879444
2037	2037	0.0135853	148.328	426.533	-1.05626	-0.404934
2038	2038	0.018426	149.047	256.218	-0.541764	0.0252078
2040	2040	0.0479388	154.111	386.19	-0.918654	-0.0583206
2042	2042	0.0277951	148.551	232.31	-0.447145	-0.29595
2043	2043	0.0101499	142.502	1756.18	-2.51154	-1.62161
2049	2049	0.0131168	144.675	400.334	-1.01781	-0.372785
2055	2055	0.0062461	142.278	779.816	-1.70128	-0.944197
2058	2058	0.00359151	142.124	672.017	-1.55359	-0.820721
2059	2059	0.00421611	141.982	683.372	-1.57134	-0.835563
2063	2063	0.0131168	142.554	912.033	-1.85595	-1.07351
2065	2065	0.0660525	159.431	239.189	-0.405645	0.00385157
2066	2066	0.00405996	141.709	450.033	-1.15555	-0.487942
2076	2076	0.014366	143.114	375.006	-0.963303	-0.327218
2080	2080	0.694097	411.949	168.447	0.894279	-0.486978
2083	2083	0.016396	123.834	723.057	-1.76455	-0.997093
2091	2091	0.203623	133.737	620.678	-1.53494	-1.72152
2095	2095	0.242349	167.71	133.884	0.225258	1.32677
2099	2099	0.0115553	101.213	890.868	-2.17497	-1.34022
2108	2108	0.201124	122.503	625.967	-1.63116	-1.79635
2109	2109	0.22158	153.556	138.119	0.105947	1.98773
2110	2110	0.0217052	98.7944	273.923	-1.01981	-0.751033
2112	2112	0.00499688	95.015	318.248	-1.2088	-0.532462
2115	2115	0.445347	238.147	154.257	0.434266	0.728252
2121	2121	0.205184	120.574	608.379	-1.61854	-1.78653
2122	2122	0.0148345	95.0488	1149.22	-2.49245	-1.60566
2125	2125	0.428795	218.521	162.732	0.294779	0.70363
2128	2128	0.205184	123.251	608.368	-1.59656	-1.76944
2129	2129	0.0146783	101.024	468.133	-1.53339	-0.803839
2131	2131	0.00343535	98.5076	406.793	-1.41817	-0.707509
2136	2136	0.0193629	99.501	1394.55	-2.64016	-1.72914
2141	2141	0.21877	126.443	536.246	-1.4448	-1.65143
2142	2142	0.21877	126.443	536.246	-1.4448	-1.65143
2143	2143	0.0104622	98.6632	824.504	-2.12307	-1.29684
2144	2144	0.432542	222.955	169.757	0.2726	0.662185
2146	2146	0.431761	222.417	170.453	0.266097	0.650032
2150	2150	0.690194	398.477	124.71	1.16166	0.0535625
2152	2152	0.689881	397.883	124.634	1.16078	0.0517822
2153	2153	0.0115553	97.4998	911.707	-2.23547	-1.3908
2165	2165	0.421768	201.745	174.543	0.144834	0.423429
2167	2167	0.12461	123.269	212.146	-0.542907	-1.44614
2168	2168	0.0704247	110.775	297.405	-0.987599	-0.578469
2169	2169	0.0710493	110.903	293.696	-0.973888	-0.564748
2172	2172	0.0741724	111.626	277.056	-0.909061	-0.499881
2173	2173	0.0766708	112.351	260.435	-0.840725	-0.431502
2174	2174	0.00858838	98.0286	176.987	-0.59082	-0.0158049
2186	2186	0.228919	112.686	518.742	-1.5268	-0.950055
2187	2187	0.293254	131.351	295.11	-0.809473	-0.862052
2188	2188	0.0455965	98.8326	224.216	-0.819184	0.0604995
2191	2191	0.0062461	91.5472	377.055	-1.41554	-0.705305
2192	2192	0.961743	393.233	97.6321	1.39319	1.41421
2193	2193	0.0485634	102.673	483.368	-1.54923	-0.811554
2197	2197	0.0468457	101.905	518.582	-1.62706	-0.904527
2205	2205	0.240006	118.461	498.425	-1.43687	-0.976466
2208	2208	0.428326	189.969	170.628	0.107373	0.353425
2211	2211	0.685353	376.628	140.957	0.982799	-0.308022
2213	2213	0.00530918	102.95	844.086	-2.10401	-1.2809
2218	2218	0.0518426	116.173	351.297	-1.10655	-0.282767
2235	2235	0.00546533	103.301	599.096	-1.75778	-0.991435
2239	2239	0.690818	387.38	140.579	1.01364	-0.245676
2240	2240	0.0138976	108.605	121.939	-0.115807	0.381327
2241	2241	0.169113	148.819	202.825	-0.309611	-1.22307
2242	2242	0.0466896	114.706	521.306	-1.51397	-0.769437
2243	2243	0.0224859	106.494	215.498	-0.704866	-0.500756
2248	2248	0.00374766	102.799	1331.44	-2.56124	-1.66317
2249	2249	0.225484	167.838	155.812	0.0743496	1.93087
2261	2261	0.013273	122.406	494.98	-1.39717	-0.689951
2271	2271	0.00452842	119.964	606.62	-1.62071	-0.876838
2273	2273	0.0101499	120.813	1013.71	-2.12714	-1.30023
2274	2274	0.00999375	121.776	619.658	-1.62699	-0.882087
2277	2277	0.0115553	121.719	933.498	-2.03722	-1.22506
2283	2283	0.0293567	119.472	1189.96	-2.2986	-1.76727
2288	2288	0.00546533	117.007	554.232	-1.55535	-0.822193
2290	2290	0.0118676	118.707	456.42	-1.34675	-0.6478
2293	2293	0.0104622	117.497	856.741	-1.98673	-1.18285
2294	2294	0.00968145	116.315	460.225	-1.37541	-0.671762
2295	2295	0.187539	123.106	603.289	-1.58935	-1.5069
2303	2303	0.220331	128.936	378.576	-1.0771	-0.140919
2304	2304	0.0120237	97.3517	292.214	-1.09916	-0.440799
2307	2307	0.242661	118.265	436.492	-1.30584	-0.794902
2315	2315	0.0607433	96.9884	344.302	-1.26693	-0.857973
2317	2317	0.016396	89.4786	559.652	-1.83332	-1.05459
2322	2322	0.180981	123.248	190.097	-0.433334	-0.672277
2330	2330	0.00452842	86.0417	1078.9	-2.52886	-1.6361
2333	2333	0.235478	109.959	455.564	-1.42143	-0.760459
2335	2335	0.240162	110.95	438.458	-1.37418	-0.889599
2336	2336	0.204091	111.479	466.991	-1.43247	-1.64184
2339	2339	0.204091	111.479	466.991	-1.43248	-1.64184
2347	2347	0.0601187	98.8109	348.466	-1.26033	-0.851373
2348	2348	0.00827608	88.6841	205.18	-0.838806	-0.223133
2349	2349	0.00546533	88.1913	623.597	-1.956	-1.15715
2351	2351	0.0279513	89.9384	716.341	-2.07503	-1.5896
2353	2353	0.0488757	100.182	467.697	-1.54083	-0.80153
2358	2358	0.689569	381.348	114.551	1.20269	0.136515
2360	2360	0.00702686	88.2362	1684.42	-2.94916	-1.98748
2364	2364	0.0669894	93.9063	533.692	-1.73752	-1.32886
2373	2373	0.687071	376.28	113.518	1.19837	0.127788
2380	2380	0.00343535	90.6213	918.074	-2.31559	-1.45779
2384	2384	0.237196	118.517	381.518	-1.1691	-0.306443
2387	2387	0.0142099	91.0285	885.256	-2.2747	-1.42361
2395	2395	0.00390381	90.2864	246.776	-1.00549	-0.362491
2396	2396	0.00890069	91.5354	209.099	-0.826083	-0.212495
2401	2401	0.141474	113.521	246.675	-0.776081	-1.13624
2408	2408	0.207214	110.27	451.119	-1.4088	-1.62343
2415	2415	0.00577764	86.1598	563.403	-1.87779	-1.09177
2416	2416	0.214085	87.7049	592.59	-1.91052	-2.01359
2419	2419	0.0104622	94.4046	839.855	-2.18564	-1.34915
2425	2425	0.0135853	94.9082	594.943	-1.83556	-1.05646
2428	2428	0.00468457	93.2862	548.193	-1.77096	-1.00245
2429	2429	0.245159	122.427	361.179	-1.08186	-0.484523
2442	2442	0.0115553	90.6027	975.23	-2.37619	-1.50846
2443	2443	0.630856	305.873	110.174	1.02111	0.424508
2445	2445	0.00546533	84.4687	555.756	-1.88395	-1.09692
2446	2446	0.0257651	87.925	176.458	-0.696597	-0.494185
2448	2448	0.204247	110.057	432.614	-1.36885	-1.59236
2452	2452	0.240787	126.956	365.555	-1.05757	-0.450869
2453	2453	0.0120237	107.272	946.518	-2.17742	-1.34228
2459	2459	0.00687071	108.46	393.501	-1.2887	-0.599265
2465	2465	0.0579325	119.47	372.191	-1.13635	-0.318358
2469	2469	0.00640225	110.562	937.453	-2.13759	-1.30898
2477	2477	0.0129606	112.648	540.933	-1.56903	-0.83363
2478	2478	0.00593379	112.239	513.343	-1.52031	-0.792904
2481	2481	0.00765147	112.674	248.801	-0.792159	-0.184134
2482	2482	0.00718301	112.653	1551.47	-2.62264	-1.7145
2483	2483	0.00577764	112.018	722.977	-1.86471	-1.08084
2492	2492	0.0109307	112.397	833.724	-2.00386	-1.19717
2496	2496	0.0682386	120.212	404.324	-1.21296	-0.803968
2499	2499	0.0095253	107.066	967.146	-2.2009	-1.36191
2501	2501	0.695659	450.728	113.334	1.38052	0.496023
2505	2505	0.549032	221.099	174.515	0.236596	1
2508	2508	0.0682386	129.137	219.713	-0.531449	-0.122032
2509	2509	0.0682386	129.137	219.713	-0.531449	-0.122032
2512	2512	0.0418488	125.41	427.766	-1.22699	-0.426633
2515	2515	0.0587133	131.047	344.799	-0.96741	-0.11656
2524	2524	0.0109307	119.474	1405.13	-2.46479	-1.58253
2538	2538	0.0504372	131.302	390.384	-1.08963	-0.262555
2554	2554	0.0156152	122.18	578.304	-1.5546	-0.821573
2561	2561	0.00530918	119.209	645.811	-1.68963	-0.93446
2562	2562	0.00421611	118.376	200.49	-0.5269	0.0376351
2563	2563	0.00374766	117.478	204.674	-0.555167	0.0140023
2565	2565	0.212992	137.341	379.479	-1.01633	-1.31823
2566	2566	0.0390381	108.558	296.931	-1.00622	-0.740233
2567	2567	0.0687071	111.329	219.836	-0.680392	-0.271068
2571	2571	0.0331043	104.361	1187.05	-2.43138	-1.87278
2576	2576	0.318082	97.3113	442.937	-1.51551	-nan
2577	2577	0.0251405	95.8469	691.576	-1.97622	-1.51108
2595	2595	0.234697	117.754	338.243	-1.05516	-0.101442
2597	2597	0.0312305	87.7133	1259.95	-2.66475	-2.05824
2603	2603	0.234229	121.111	339.582	-1.03101	-0.0579763
2604	2604	0.00499688	92.8903	622.803	-1.90281	-1.11269
2605	2605	0.133979	115.665	162.735	-0.341424	-1.19547
2607	2607	0.680824	442.779	103.94	1.44926	0.634984
2608	2608	0.00390381	112.266	1352.62	-2.48893	-1.60271
2613	2613	0.0644909	125.912	370.4	-1.079	-0.669922
2624	2624	0.00905684	118.209	1081.92	-2.21404	-1.37289
2632	2632	0.016396	119.452	529.58	-1.48917	-0.766869
2636	2636	0.00437227	116.595	807.087	-1.93472	-1.13937
2646	2646	0.016396	119.133	529.58	-1.49185	-0.769103
2655	2655	0.149594	147.168	140.715	0.0448415	-0.341218
2664	2664	0.0657402	126.308	361.814	-1.0524	-0.643314
2672	2672	0.0202998	116.517	643.756	-1.70929	-1.29895
2674	2674	0.233292	141.806	345.119	-0.889433	0.196755
2681	2681	0.00343535	105.675	1300.56	-2.51018	-1.62048
2700	2700	0.672236	413.631	100.376	1.41605	0.832573
2703	2703	0.0415365	94.9403	403.954	-1.44805	-0.690701
2704	2704	0.0110868	88.3962	887.071	-2.3061	-1.44985
2706	2706	0.0221736	86.748	828.053	-2.25607	-1.73347
2709	2709	0.0159275	86.3382	554.467	-1.85974	-1.07668
2711	2711	0.0173329	84.9647	985.994	-2.45141	-1.57135
2714	2714	0.236415	111.298	336.806	-1.1073	-0.195246
2722	2722	0.0115553	82.7699	968.482	-2.45967	-1.57824
2723	2723	0.20737	100.411	334.348	-1.20291	-1.46332
2724	2724	0.155996	106.43	129.867	-0.199017	-0.577382
2725	2725	0.0149906	81.301	114.927	-0.346136	0.188761
2735	2735	0.148501	108.545	147.762	-0.308444	-0.683357
2746	2746	0.672548	378.338	92.8228	1.4051	0.8157
2761	2761	0.183791	94.5752	436.112	-1.5285	-1.46296
2763	2763	0.188164	95.1814	422.763	-1.49103	-1.43591
2766	2766	0.0165522	77.1171	460.646	-1.78731	-1.01612
2768	2768	0.447533	172.198	121.242	0.350857	0.543342
2773	2773	0.6802	392.65	78.5122	1.60967	0.959264
2776	2776	0.234385	93.1898	328.275	-1.25921	-0.468583
2777	2777	0.0648032	77.9817	295.718	-1.33293	-0.924017
2780	2780	0.20862	87.6538	357.357	-1.40534	-1.62074
2786	2786	0.681137	393.25	72.7029	1.68806	1.11776
2787	2787	0.00796377	68.1918	1370.56	-3.00065	-2.03053
2790	2790	0.0415365	71.8544	376.654	-1.65668	-0.939916
2792	2792	0.232511	90.5557	328.192	-1.28763	-0.519718
2793	2793	0.203623	93.7497	373.864	-1.38326	-1.60357
2794	2794	0.205028	114.114	80.6058	0.347626	-0.257571
2800	2800	0.0117114	79.1537	920.711	-2.45376	-1.5733
2802	2802	0.354778	145.74	146.484	-0.00509282	1.41389
2804	2804	0.00890069	79.0001	911.503	-2.44565	-1.56652
2807	2807	0.00858838	79.5576	178.176	-0.806289	-0.195947
2808	2808	0.014366	80.6471	605.379	-2.01577	-1.20713
2809	2809	0.065584	87.0818	278.802	-1.16366	-0.754635
2814	2814	0.0465334	84.3395	478.754	-1.73634	-1.03506
2815	2815	0.0257651	75.0236	363.815	-1.57884	-1.19529
2816	2816	0.0165522	74.3219	456.524	-1.81523	-1.03947
2817	2817	0.0534041	81.9744	281.792	-1.23476	-0.435921
2818	2818	0.451437	180.147	105.83	0.531945	0.944798
2820	2820	0.0505934	97.7233	411.755	-1.43829	-0.679038
2823	2823	0.0231106	90.7978	759.388	-2.12388	-1.62842
2825	2825	0.0217052	92.8766	311.8	-1.21109	-0.903044
2826	2826	0.00843223	91.0982	303.827	-1.20452	-0.528886
2828	2828	0.182854	115.747	261.385	-0.814587	-0.947533
2831	2831	0.183479	117.571	323.978	-1.01363	-1.09124
2835	2835	0.00843223	112.481	499.271	-1.49036	-0.767865
2859	2859	0.0821362	128.45	143.608	-0.11155	-0.551452
2862	2862	0.0387258	117.478	321.486	-1.00671	-0.740623
2868	2868	0.0168645	114.706	381.805	-1.20254	-0.527232
2874	2874	0.00437227	112.376	269.551	-0.874903	-0.253312
2881	2881	0.0454403	118.031	79.4674	0.395596	1.51159
2882	2882	0.0463773	117.616	104.308	0.120074	1.18247
2888	2888	0.374453	149.596	213.209	-0.354337	0.769875
2893	2893	0.155996	163.623	118.235	0.324893	-0.0700028
2900	2900	0.0138976	132.671	623.808	-1.54797	-0.816026
2903	2903	0.124453	160.328	244.893	-0.423599	-1.29771
2912	2912	0.0137414	157.444	639.782	-1.40206	-0.694039
2926	2926	0.899282	202.769	190.547	0.062167	-0.825379
2939	2939	0.893504	180.208	193.24	-0.0698197	-1.19231
2942	2942	0.00780762	156.268	1151.4	-1.99716	-1.19157
2962	2962	0.899282	208.879	197.049	0.0582989	-0.836132
2982	2982	0.0032792	164.324	321.646	-0.671615	-0.0833536
2999	2999	0.905215	234.475	195.765	0.180438	-2.60365
3000	3000	0.0148345	166.866	1452.18	-2.16363	-1.33075
3014	3014	0.0159275	166.692	828.003	-1.60287	-0.861926
3015	3015	0.0159275	166.692	828.003	-1.60287	-0.861926
3024	3024	0.185197	179.883	446.112	-0.90826	-1.01516
3028	3028	0.185041	179.764	445.672	-0.907937	-1.01493
3035	3035	0.0156152	148.55	857.342	-1.75291	-0.987369
3061	3061	0.90584	235.103	166.817	0.343124	-2.02936
3064	3064	0.882573	150.195	170.253	-0.125351	-1.3467
3065	3065	0.0226421	140.362	187.432	-0.289188	-0.170424
3066	3066	0.0145222	137.154	769.581	-1.72474	-0.963816
3067	3067	0.0131168	137.043	535.29	-1.36251	-0.660977
3068	3068	0.0371643	144.854	190.913	-0.276091	-0.160016
3071	3071	0.616177	116.418	226.272	-0.664553	-1
3088	3088	0.0146783	131.618	783.192	-1.78347	-1.01292
3094	3094	0.0243598	134.079	524.465	-1.36395	-1.02452
3105	3105	0.674578	183.317	211.126	-0.141236	-1.56633
3110	3110	0.90584	260.993	144	0.594677	-1.14137
3111	3111	0.90584	260.993	144	0.594677	-1.14137
3121	3121	0.200344	128.762	470.809	-1.29649	-1.53609
3126	3126	0.055278	112.717	496.887	-1.48348	-0.733021
3145	3145	0.0146783	112.247	668.513	-1.78436	-1.01366
3152	3152	0.401468	177.779	214.41	-0.187349	0.848231
3153	3153	0.0135853	112.068	240.315	-0.762844	-0.159625
3163	3163	0.90787	300.861	129.548	0.842593	-0.266219
3174	3174	0.223923	145.495	419.282	-1.0584	-0.107266
3182	3182	0.00968145	123.629	752.463	-1.80607	-1.03181
3185	3185	0.188632	156.835	462.838	-1.08218	-1.14073
3191	3191	0.188632	159.739	465.38	-1.06931	-1.13144
3196	3196	0.0140537	133.746	593.964	-1.49087	-0.76829
3217	3217	0.00780762	135.818	619.004	-1.5168	-0.789963
3218	3218	0.00593379	135.925	744.928	-1.70118	-0.944119
3236	3236	0.678014	236.407	207.101	0.132348	-1.14489
3242	3242	0.221736	157.763	423.353	-0.987113	0.0210011
3269	3269	0.00546533	126.357	524.353	-1.42305	-0.711588
3276	3276	0.697064	233.927	192.389	0.19549	-1.89966
3285	3285	0.201593	146.045	473.256	-1.17572	-1.44218
3300	3300	0.736415	288.851	167.671	0.543908	-0.137247
3301	3301	0.20128	153.706	474.536	-1.1273	-1.40452
3303	3303	0.0738601	148.259	381.284	-0.94458	-0.535422
3330	3330	0.0488757	144.73	410.452	-1.04239	-0.206125
3342	3342	0.151156	162.496	497.444	-1.11883	-1.46817
3374	3374	0.224079	166.766	395.314	-0.86309	0.244154
3378	3378	0.0385696	132.209	469.729	-1.26777	-0.94809
3399	3399	0.0234229	124.819	934.129	-2.01275	-1.54011
3401	3401	0.727358	303.93	169.316	0.585031	0.194263
3412	3412	0.0477826	120.275	309.483	-0.945121	-0.0899362
3426	3426	0.331199	122.524	370.638	-1.10692	1
3440	3440	0.906152	370.329	117.536	1.14765	0.810642
3447	3447	0.906152	370.232	117.057	1.15147	0.824132
3455	3455	0.137883	113.204	250.593	-0.794639	-1.75932
3456	3456	0.4708	108.998	225.283	-0.726026	-1.13796
3457	3457	0.0260775	92.7632	201.522	-0.775848	-0.557164
3459	3459	0.00905684	94.5636	479.757	-1.62401	-0.879595
3463	3463	0.17005	118.796	603.073	-1.62463	-2.45518
3465	3465	0.906309	364.793	117.752	1.13075	0.750998
3481	3481	0.697689	251.008	162.034	0.437676	-1.41006
3493	3493	0.730481	308.935	148.648	0.731549	1.37538
3498	3498	0.00546533	108.569	531.322	-1.58798	-0.849479
3515	3515	0.228607	139.591	331.139	-0.863819	0.242841
3535	3535	0.170206	125.128	403.499	-1.17084	-2.03
3536	3536	0.523111	163.893	192.411	-0.160417	-1
3556	3556	0.488445	160.592	164.176	-0.022068	-1.36438
3557	3557	0.373204	109.792	259.325	-0.859496	-0.737319
3558	3558	0.00765147	100.324	456.082	-1.51427	-0.787849
3559	3559	0.011243	101.524	685.269	-1.90952	-1.1183
3567	3567	0.00749532	107.744	857.164	-2.07387	-1.2557
3570	3570	0.902092	366.015	128.873	1.04385	0.444234
3576	3576	0.188164	135.007	556.269	-1.41593	-1.38169
3583	3583	0.184104	133.706	577.253	-1.46264	-1.41541
3597	3597	0.184104	136.672	577.911	-1.44184	-1.40039
3610	3610	0.906309	405.202	145.329	1.02539	0.379048
3613	3613	0.908651	422.749	144.97	1.07026	0.53744
3631	3631	0.00499688	130.686	343.902	-0.96756	-0.330777
3667	3667	0.190037	140.688	530.789	-1.32782	-1.31808
3668	3668	0.187227	116.811	300.868	-0.946116	-1.04249
3669	3669	0.0398189	93.7796	341.931	-1.29366	-0.968661
3670	3670	0.373048	109.557	303.473	-1.01885	-1.21276
3671	3671	0.0757339	120.825	486.607	-1.39311	-0.984234
3672	3672	0.0651156	128.308	322.167	-0.920635	-0.511462
3710	3710	0.049188	136.454	338.552	-0.90869	-0.0464177
3712	3712	0.00796377	123.91	929.976	-2.0156	-1.20699
3721	3721	0.00515303	124.166	644.646	-1.64708	-0.898888
3722	3722	0.047158	136.411	360.401	-0.971542	-0.121496
3723	3723	0.413492	144.541	339.756	-0.854668	-0.643346
3737	3737	0.677858	252.947	212.764	0.172998	-1.08227
3749	3749	0.182074	159.314	574.276	-1.28223	-1.28516
3750	3750	0.0154591	124.899	572.097	-1.5218	-0.794148
3760	3760	0.905996	464.753	151.664	1.11984	0.712459
3774	3774	0.674578	235.475	226.055	0.0408244	-1.28588
3810	3810	0.720175	298.638	203.566	0.383244	-1.4324
3821	3821	0.909119	475.832	159.892	1.09057	0.609145
3833	3833	0.906152	472.304	157.467	1.09841	0.636814
3846	3846	0.906152	473.085	155.26	1.11417	0.692468
3848	3848	0.22361	156.734	368.318	-0.854397	0.259794
3849	3849	0.223766	156.817	368.347	-0.853949	0.260601
3863	3863	0.450187	140.488	333.237	-0.863729	-2.1493
3866	3866	0.681137	239.582	189.172	0.236237	-1.81729
3890	3890	0.185041	143.109	535.64	-1.31985	-1.31232
3896	3896	0.401936	119.37	375.611	-1.14633	-1.29526
3901	3901	0.18629	150.467	529.346	-1.2579	-1.2676
3908	3908	0.178951	148.307	537.925	-1.28843	-2.14018
3911	3911	0.0113991	113.121	208.082	-0.60948	-0.0314055
3915	3915	0.680981	219.857	199.147	0.0989348	-2.09486
3930	3930	0.0274828	121.56	419.293	-1.23816	-0.924558
3933	3933	0.00374766	116.423	583.953	-1.61259	-0.870053
3938	3938	0.154591	139.405	546.627	-1.36638	-1.70792
3939	3939	0.71065	206.988	186.559	0.103917	-0.935676
3946	3946	0.00468457	114.35	232.474	-0.70952	-0.115043
3950	3950	0.888195	327.172	141.706	0.836729	1.32797
3951	3951	0.886009	315.376	142.09	0.797303	1.21836
3957	3957	0.903654	430.405	138.535	1.1336	0.761057
3968	3968	0.719863	253.443	184.227	0.318973	-0.669244
3974	3974	0.0309182	116.853	297.518	-0.934558	-0.683289
3984	3984	0.185821	146.675	448.916	-1.11862	-1.16703
3990	3990	0.71065	228.022	188.694	0.189316	-0.829875
3991	3991	0.235322	132.69	292.932	-0.791925	0.372199
3993	3993	0.421611	92.5803	334.005	-1.28308	-2.2449
3994	3994	0.16396	137.064	484.168	-1.26198	-2.1154
4009	4009	0.905996	452.144	141.793	1.15964	0.852957
4020	4020	0.107901	148.771	282.283	-0.640501	-1.24579
4041	4041	0.0484072	139.196	437.922	-1.14616	-0.330076
4136	4136	0.337914	129.233	442.632	-1.23112	-1
4140	4140	0.906309	380.943	139.713	1.00306	0.300237
4150	4150	0.906309	321.24	141.405	0.820559	-0.343997
4154	4154	0.0473142	129.087	483.155	-1.31985	-0.537559
4188	4188	0.055278	136.977	609.604	-1.49299	-0.744385
4191	4191	0.893816	254.783	156.559	0.486978	0.355634
4198	4198	0.893816	254.727	156.258	0.488686	0.360382
4215	4215	0.82183	98.4942	150.177	-0.421819	-nan
4217	4217	0.0679263	119.368	179.311	-0.406913	0.00258296
4225	4225	0.6802	206.153	195.481	0.0531542	-2.18741
4235	4235	0.893973	306.76	152.864	0.696516	0.938168
4263	4263	0.902561	367.529	183.344	0.69544	-0.785673
4295	4295	0.0729232	173.512	476.984	-1.01124	-0.60212
4333	4333	0.00562149	167.508	203.85	-0.196355	0.313985
4361	4361	0.0629294	173.567	496.697	-1.05142	-0.642324
4477	4477	0.102748	142.678	370.029	-0.952991	-1.64044
4491	4491	0.347751	144.609	389.128	-0.989872	-0.680709
4542	4542	0.343848	133.986	369.547	-1.01454	-0.73318
4560	4560	0.0326359	105.372	71.5739	0.386769	0.366747
4561	4561	0.0332605	104.96	61.8147	0.529435	0.480122
4562	4562	0.0265459	104.892	44.8257	0.850148	0.734987
4573	4573	0.0171768	108.654	165.885	-0.423127	0.124394
