MPHB usage enabled is1
Loading test1/p4.2000.vcf
Opening test1/p4.2000.vcf...
Loading 6404 haplotypes and 2000 loci...
retaining 2000
Number of valid loci: 2000
Number of haplotypes: 6404
Iter 1: EHH1[0,1]=0.992983,0.667053 4156(0)1133(1)1111(2)4(3)
Iter 2: EHH1[0,2]=0.98948,0.405 1251(0)1131(1)1111(2)4(3)2905(4)2(5)
Iter 3: EHH1[0,3]=0.98948,0.368387 400(0)1131(1)1109(2)4(3)2847(4)2(5)851(6)2(7)58(8)
1 1131 3 4
0 400 3 731
Iter 4: EHH1[0,4]=0.840004,0.365395 388(0)93(1)1109(2)4(3)2834(4)2(5)851(6)2(7)58(8)12(9)1038(10)13(11)
10 1038 9 4
11 13 4 347
9 12 9 731
Iter 5: EHH1[0,5]=0.839722,0.365393 388(0)91(1)1109(2)4(3)2834(4)2(5)851(6)2(7)58(8)12(9)1038(10)2(11)2(12)11(13)
2 1109 5 3
3 4 600 1098
Iter 6: EHH1[0,6]=0.839722,0.362646 253(0)91(1)1(2)4(3)2833(4)2(5)851(6)2(7)58(8)12(9)1038(10)2(11)2(12)11(13)135(14)1108(15)1(16)
6 851 6 8
7 2 1999 871
Iter 7: EHH1[0,7]=0.839722,0.362585 253(0)91(1)1(2)4(3)2833(4)2(5)1(6)2(7)58(8)12(9)1038(10)2(11)2(12)11(13)135(14)1108(15)1(16)850(17)
17 850 16 8
13 11 201 347
Iter 8: EHH1[0,8]=0.839722,0.361494 156(0)91(1)1(2)4(3)2833(4)2(5)1(6)2(7)58(8)12(9)1038(10)2(11)2(12)11(13)135(14)1108(15)1(16)850(17)97(18)
15 1108 13 3
14 135 22 958
12 2 97 5593
Iter 9: EHH1[0,9]=0.839722,0.361341 141(0)91(1)1(2)4(3)2833(4)2(5)1(6)2(7)58(8)12(9)1038(10)2(11)2(12)11(13)135(14)1108(15)1(16)850(17)97(18)15(19)
Iter 10: EHH1[0,10]=0.655743,0.361339 141(0)91(1)1(2)4(3)2833(4)2(5)1(6)2(7)58(8)3(9)131(10)2(11)2(12)11(13)135(14)1108(15)1(16)850(17)97(18)15(19)9(20)907(21)
21 907 11 4
20 9 87 731
10 131 19 881
19 15 52 2908
9 3 25 4014
Iter 11: EHH1[0,11]=0.655743,0.361339 141(0)91(1)1(2)4(3)2833(4)2(5)1(6)2(7)58(8)3(9)131(10)2(11)2(12)11(13)135(14)1108(15)1(16)850(17)97(18)15(19)9(20)907(21)
Iter 12: EHH1[0,12]=0.56502,0.361339 141(0)91(1)1(2)4(3)2833(4)2(5)1(6)2(7)58(8)3(9)131(10)2(11)2(12)11(13)135(14)1108(15)1(16)850(17)97(18)15(19)9(20)70(21)837(22)
22 837 18 4
21 70 89 883
18 97 39 949
Iter 13: EHH1[0,13]=0.56502,0.361339 141(0)91(1)1(2)4(3)2833(4)2(5)1(6)2(7)58(8)3(9)131(10)2(11)2(12)11(13)135(14)1108(15)1(16)850(17)97(18)15(19)9(20)70(21)837(22)
Iter 14: EHH1[0,14]=0.56502,0.361259 141(0)91(1)1(2)4(3)2833(4)2(5)1(6)2(7)58(8)3(9)131(10)2(11)2(12)11(13)135(14)1107(15)1(16)850(17)97(18)15(19)9(20)70(21)837(22)1(23)
Iter 15: EHH1[0,15]=0.56502,0.361259 141(0)91(1)1(2)4(3)2833(4)2(5)1(6)2(7)58(8)3(9)131(10)2(11)2(12)11(13)135(14)1107(15)1(16)850(17)97(18)15(19)9(20)70(21)837(22)1(23)
15 1107 19 3
Iter 16: EHH1[0,16]=0.56502,0.360851 141(0)91(1)1(2)4(3)2831(4)2(5)1(6)2(7)58(8)3(9)131(10)2(11)2(12)11(13)135(14)1107(15)1(16)850(17)97(18)15(19)9(20)70(21)837(22)1(23)2(24)
Iter 17: EHH1[0,17]=0.56502,0.360729 141(0)91(1)1(2)4(3)2831(4)2(5)1(6)2(7)58(8)3(9)131(10)2(11)2(12)11(13)135(14)1107(15)1(16)2(17)97(18)15(19)9(20)70(21)837(22)1(23)2(24)848(25)
25 848 25 8
17 2 1809 4458
24 2 1049 4856
Iter 18: EHH1[0,18]=0.56502,0.360321 141(0)91(1)1(2)4(3)2829(4)2(5)1(6)2(7)58(8)3(9)131(10)2(11)2(12)11(13)135(14)1107(15)1(16)2(17)97(18)15(19)9(20)70(21)837(22)1(23)2(24)848(25)2(26)
Iter 19: EHH1[0,19]=0.390215,0.360321 141(0)91(1)1(2)4(3)2829(4)2(5)1(6)2(7)58(8)3(9)131(10)2(11)2(12)11(13)135(14)1107(15)1(16)2(17)97(18)15(19)9(20)70(21)169(22)1(23)2(24)848(25)2(26)668(27)
Iter 20: EHH1[0,20]=0.390014,0.360241 141(0)91(1)1(2)4(3)2829(4)2(5)1(6)2(7)58(8)3(9)130(10)2(11)2(12)11(13)135(14)1(15)1(16)2(17)97(18)15(19)9(20)70(21)169(22)1(23)2(24)848(25)2(26)668(27)1(28)1106(29)
29 1106 22 3
27 668 25 4
10 130 20 881
22 169 32 1252
Iter 21: EHH1[0,21]=0.389424,0.356996 141(0)91(1)1(2)4(3)2813(4)2(5)1(6)2(7)58(8)3(9)3(10)2(11)2(12)11(13)135(14)1(15)1(16)2(17)97(18)15(19)9(20)70(21)169(22)1(23)2(24)848(25)2(26)668(27)1(28)1106(29)16(30)127(31)
31 127 39 881
30 16 22 1401
Iter 22: EHH1[0,22]=0.389424,0.356996 141(0)91(1)1(2)4(3)2813(4)2(5)1(6)2(7)58(8)3(9)3(10)2(11)2(12)11(13)135(14)1(15)1(16)2(17)97(18)15(19)9(20)70(21)169(22)1(23)2(24)848(25)2(26)668(27)1(28)1106(29)16(30)127(31)
Iter 23: EHH1[0,23]=0.389424,0.356816 141(0)91(1)1(2)4(3)2813(4)2(5)1(6)2(7)58(8)3(9)3(10)2(11)2(12)11(13)11(14)1(15)1(16)2(17)97(18)15(19)9(20)70(21)169(22)1(23)2(24)848(25)2(26)668(27)1(28)1105(29)2(30)127(31)124(32)1(33)14(34)
34 14 131 1401
32 124 79 1712
Iter 24: EHH1[0,24]=0.389424,0.356613 141(0)91(1)1(2)4(3)2812(4)2(5)1(6)2(7)58(8)3(9)3(10)2(11)2(12)11(13)11(14)1(15)1(16)2(17)97(18)15(19)9(20)70(21)169(22)1(23)2(24)848(25)2(26)668(27)1(28)1105(29)2(30)127(31)124(32)1(33)14(34)1(35)
Iter 25: EHH1[0,25]=0.389424,0.356613 141(0)91(1)1(2)4(3)2812(4)2(5)1(6)2(7)58(8)3(9)3(10)2(11)2(12)11(13)11(14)1(15)1(16)2(17)97(18)15(19)9(20)70(21)169(22)1(23)2(24)848(25)2(26)668(27)1(28)1105(29)2(30)127(31)124(32)1(33)14(34)1(35)
8 58 45 415
26 2 1049 420
5 2 82 2596
11 2 1693 4573
10 3 259 5489
Iter 26: EHH1[0,26]=0.38212,0.350417 118(0)90(1)1(2)4(3)28(4)2(5)1(6)2(7)58(8)1(9)3(10)2(11)2(12)11(13)11(14)1(15)1(16)2(17)97(18)15(19)9(20)70(21)169(22)1(23)2(24)847(25)2(26)661(27)1(28)1101(29)2(30)127(31)124(32)1(33)14(34)1(35)23(36)1(37)2784(38)2(39)1(40)7(41)4(42)
27 661 32 4
30 2 1742 1779
41 7 89 1799
Iter 27: EHH1[0,27]=0.38212,0.350417 118(0)90(1)1(2)4(3)28(4)2(5)1(6)2(7)58(8)1(9)3(10)2(11)2(12)11(13)11(14)1(15)1(16)2(17)97(18)15(19)9(20)70(21)169(22)1(23)2(24)847(25)2(26)661(27)1(28)1101(29)2(30)127(31)124(32)1(33)14(34)1(35)23(36)1(37)2784(38)2(39)1(40)7(41)4(42)
25 847 27 8
39 2 33 4014
Iter 28: EHH1[0,28]=0.38212,0.350295 118(0)90(1)1(2)4(3)28(4)2(5)1(6)2(7)58(8)1(9)3(10)2(11)2(12)11(13)11(14)1(15)1(16)2(17)97(18)15(19)9(20)70(21)169(22)1(23)2(24)2(25)2(26)661(27)1(28)1101(29)2(30)127(31)124(32)1(33)14(34)1(35)23(36)1(37)2784(38)2(39)1(40)7(41)4(42)845(43)
Iter 29: EHH1[0,29]=0.38212,0.350295 118(0)90(1)1(2)4(3)28(4)2(5)1(6)2(7)58(8)1(9)3(10)2(11)2(12)11(13)11(14)1(15)1(16)2(17)97(18)15(19)9(20)70(21)169(22)1(23)2(24)2(25)2(26)661(27)1(28)1101(29)2(30)127(31)124(32)1(33)14(34)1(35)23(36)1(37)2784(38)2(39)1(40)7(41)4(42)845(43)
43 845 29 8
25 2 259 268
Iter 30: EHH1[0,30]=0.38212,0.350235 118(0)90(1)1(2)4(3)28(4)2(5)1(6)2(7)58(8)1(9)3(10)2(11)2(12)11(13)11(14)1(15)1(16)2(17)97(18)15(19)9(20)70(21)169(22)1(23)2(24)2(25)2(26)661(27)1(28)1101(29)2(30)127(31)124(32)1(33)14(34)1(35)23(36)1(37)2784(38)2(39)1(40)7(41)4(42)1(43)844(44)
44 844 30 8
Iter 31: EHH1[0,31]=0.38212,0.350174 118(0)90(1)1(2)4(3)28(4)2(5)1(6)2(7)58(8)1(9)3(10)2(11)2(12)11(13)11(14)1(15)1(16)2(17)97(18)15(19)9(20)70(21)169(22)1(23)2(24)2(25)2(26)661(27)1(28)1101(29)2(30)127(31)124(32)1(33)14(34)1(35)23(36)1(37)2784(38)2(39)1(40)7(41)4(42)1(43)1(44)843(45)
45 843 39 8
Iter 32: EHH1[0,32]=0.38212,0.350174 118(0)90(1)1(2)4(3)28(4)2(5)1(6)2(7)58(8)1(9)3(10)2(11)2(12)11(13)11(14)1(15)1(16)2(17)97(18)15(19)9(20)70(21)169(22)1(23)2(24)2(25)2(26)661(27)1(28)1101(29)2(30)127(31)124(32)1(33)14(34)1(35)23(36)1(37)2784(38)2(39)1(40)7(41)4(42)1(43)1(44)843(45)
Iter 33: EHH1[0,33]=0.369807,0.350174 118(0)90(1)1(2)4(3)28(4)2(5)1(6)2(7)58(8)1(9)3(10)2(11)2(12)11(13)11(14)1(15)1(16)2(17)97(18)15(19)9(20)70(21)62(22)1(23)2(24)2(25)2(26)2(27)1(28)1101(29)2(30)127(31)124(32)1(33)14(34)1(35)23(36)1(37)2784(38)2(39)1(40)7(41)4(42)1(43)1(44)843(45)107(46)659(47)
47 659 37 4
27 2 651 374
14 11 33 958
46 107 33 1345
42 4 242 4804
Iter 34: EHH1[0,34]=0.365375,0.349892 118(0)90(1)1(2)4(3)28(4)2(5)1(6)2(7)58(8)1(9)3(10)2(11)2(12)11(13)2(14)1(15)1(16)2(17)97(18)15(19)9(20)70(21)62(22)1(23)2(24)2(25)2(26)2(27)1(28)1(29)2(30)127(31)124(32)1(33)14(34)1(35)23(36)1(37)2783(38)1(39)1(40)7(41)4(42)1(43)1(44)843(45)53(46)659(47)9(48)1100(49)1(50)1(51)54(52)
48 9 42 958
22 62 52 1716
52 54 86 1737
46 53 39 1747
14 2 42 5603
Iter 35: EHH1[0,35]=0.365375,0.349692 118(0)90(1)1(2)4(3)28(4)2(5)1(6)2(7)58(8)1(9)3(10)2(11)2(12)11(13)2(14)1(15)1(16)2(17)97(18)15(19)9(20)70(21)62(22)1(23)2(24)2(25)2(26)2(27)1(28)1(29)2(30)127(31)124(32)1(33)14(34)1(35)23(36)1(37)2782(38)1(39)1(40)7(41)4(42)1(43)1(44)843(45)53(46)659(47)9(48)1100(49)1(50)1(51)54(52)1(53)
49 1100 39 3
Iter 36: EHH1[0,36]=0.365375,0.349692 118(0)90(1)1(2)4(3)28(4)2(5)1(6)2(7)58(8)1(9)3(10)2(11)2(12)11(13)2(14)1(15)1(16)2(17)97(18)15(19)9(20)70(21)62(22)1(23)2(24)2(25)2(26)2(27)1(28)1(29)2(30)127(31)124(32)1(33)14(34)1(35)23(36)1(37)2782(38)1(39)1(40)7(41)4(42)1(43)1(44)843(45)53(46)659(47)9(48)1100(49)1(50)1(51)54(52)1(53)
Iter 37: EHH1[0,37]=0.365375,0.349692 118(0)90(1)1(2)4(3)28(4)2(5)1(6)2(7)58(8)1(9)3(10)2(11)2(12)11(13)2(14)1(15)1(16)2(17)97(18)15(19)9(20)70(21)62(22)1(23)2(24)2(25)2(26)2(27)1(28)1(29)2(30)127(31)124(32)1(33)14(34)1(35)23(36)1(37)2782(38)1(39)1(40)7(41)4(42)1(43)1(44)843(45)53(46)659(47)9(48)1100(49)1(50)1(51)54(52)1(53)
36 23 37 2193
Iter 38: EHH1[0,38]=0.36334,0.34969 118(0)90(1)1(2)4(3)28(4)2(5)1(6)2(7)58(8)1(9)3(10)2(11)2(12)11(13)2(14)1(15)1(16)2(17)97(18)15(19)9(20)70(21)62(22)1(23)2(24)2(25)2(26)2(27)1(28)1(29)2(30)127(31)124(32)1(33)14(34)1(35)1(36)1(37)2782(38)1(39)1(40)7(41)4(42)1(43)1(44)843(45)53(46)2(47)9(48)1100(49)1(50)1(51)54(52)1(53)22(54)657(55)
55 657 45 4
54 22 131 2193
Iter 39: EHH1[0,39]=0.36334,0.34969 118(0)90(1)1(2)4(3)28(4)2(5)1(6)2(7)58(8)1(9)3(10)2(11)2(12)11(13)2(14)1(15)1(16)2(17)97(18)15(19)9(20)70(21)62(22)1(23)2(24)2(25)2(26)2(27)1(28)1(29)2(30)127(31)124(32)1(33)14(34)1(35)1(36)1(37)2782(38)1(39)1(40)7(41)4(42)1(43)1(44)843(45)53(46)2(47)9(48)1100(49)1(50)1(51)54(52)1(53)22(54)657(55)
Iter 40: EHH1[0,40]=0.363065,0.344115 118(0)90(1)1(2)4(3)28(4)2(5)1(6)2(7)58(8)1(9)3(10)2(11)2(12)11(13)2(14)1(15)1(16)2(17)16(18)15(19)9(20)70(21)62(22)1(23)2(24)2(25)2(26)2(27)1(28)1(29)2(30)126(31)124(32)1(33)14(34)1(35)1(36)1(37)2775(38)1(39)1(40)7(41)4(42)1(43)1(44)21(45)52(46)2(47)9(48)1063(49)1(50)1(51)54(52)1(53)22(54)657(55)81(56)1(57)7(58)822(59)1(60)37(61)
46 52 52 1747
Iter 41: EHH1[0,41]=0.363065,0.344115 118(0)90(1)1(2)4(3)28(4)2(5)1(6)2(7)58(8)1(9)3(10)2(11)2(12)11(13)2(14)1(15)1(16)2(17)16(18)15(19)9(20)70(21)62(22)1(23)2(24)2(25)2(26)2(27)1(28)1(29)2(30)126(31)124(32)1(33)14(34)1(35)1(36)1(37)2775(38)1(39)1(40)7(41)4(42)1(43)1(44)21(45)52(46)2(47)9(48)1063(49)1(50)1(51)54(52)1(53)22(54)657(55)81(56)1(57)7(58)822(59)1(60)37(61)
59 822 45 8
56 81 87 1031
45 21 89 1051
18 16 77 2033
Iter 42: EHH1[0,42]=0.363065,0.344115 118(0)90(1)1(2)4(3)28(4)2(5)1(6)2(7)58(8)1(9)3(10)2(11)2(12)11(13)2(14)1(15)1(16)2(17)16(18)15(19)9(20)70(21)62(22)1(23)2(24)2(25)2(26)2(27)1(28)1(29)2(30)126(31)124(32)1(33)14(34)1(35)1(36)1(37)2775(38)1(39)1(40)7(41)4(42)1(43)1(44)21(45)52(46)2(47)9(48)1063(49)1(50)1(51)54(52)1(53)22(54)657(55)81(56)1(57)7(58)822(59)1(60)37(61)
49 1063 45 10
61 37 84 104
Iter 43: EHH1[0,43]=0.363065,0.344114 118(0)90(1)1(2)4(3)28(4)2(5)1(6)2(7)58(8)1(9)3(10)2(11)2(12)11(13)1(14)1(15)1(16)2(17)16(18)15(19)9(20)70(21)62(22)1(23)2(24)2(25)2(26)2(27)1(28)1(29)2(30)126(31)124(32)1(33)14(34)1(35)1(36)1(37)2775(38)1(39)1(40)7(41)4(42)1(43)1(44)21(45)52(46)2(47)7(48)1063(49)1(50)1(51)54(52)1(53)22(54)657(55)81(56)1(57)7(58)822(59)1(60)37(61)1(62)2(63)
63 2 1999 958
48 7 84 4541
Iter 44: EHH1[0,44]=0.363065,0.344114 118(0)90(1)1(2)4(3)28(4)2(5)1(6)2(7)58(8)1(9)3(10)2(11)2(12)11(13)1(14)1(15)1(16)2(17)16(18)15(19)9(20)70(21)62(22)1(23)2(24)2(25)2(26)2(27)1(28)1(29)2(30)126(31)124(32)1(33)14(34)1(35)1(36)1(37)2775(38)1(39)1(40)7(41)4(42)1(43)1(44)21(45)52(46)2(47)7(48)1063(49)1(50)1(51)54(52)1(53)22(54)657(55)81(56)1(57)7(58)822(59)1(60)37(61)1(62)2(63)
Iter 45: EHH1[0,45]=0.363065,0.344114 118(0)90(1)1(2)4(3)28(4)2(5)1(6)2(7)58(8)1(9)3(10)2(11)2(12)11(13)1(14)1(15)1(16)2(17)16(18)15(19)9(20)70(21)62(22)1(23)2(24)2(25)2(26)2(27)1(28)1(29)2(30)126(31)124(32)1(33)14(34)1(35)1(36)1(37)2775(38)1(39)1(40)7(41)4(42)1(43)1(44)21(45)52(46)2(47)7(48)1063(49)1(50)1(51)54(52)1(53)22(54)657(55)81(56)1(57)7(58)822(59)1(60)37(61)1(62)2(63)
47 2 1383 1047
Iter 46: EHH1[0,46]=0.361478,0.343298 118(0)90(1)1(2)4(3)28(4)2(5)1(6)2(7)57(8)1(9)3(10)2(11)2(12)11(13)1(14)1(15)1(16)2(17)16(18)15(19)9(20)70(21)62(22)1(23)2(24)2(25)2(26)2(27)1(28)1(29)2(30)123(31)124(32)1(33)14(34)1(35)1(36)1(37)2772(38)1(39)1(40)7(41)4(42)1(43)1(44)21(45)52(46)2(47)7(48)1061(49)1(50)1(51)54(52)1(53)22(54)1(55)81(56)1(57)7(58)821(59)1(60)37(61)1(62)2(63)1(64)3(65)3(66)2(67)656(68)1(69)
68 656 77 4
59 821 47 8
49 1061 46 10
8 57 82 415
58 7 82 1706
65 3 88 5026
66 3 82 5081
67 2 159 5773
Iter 47: EHH1[0,47]=0.361478,0.343215 118(0)90(1)1(2)4(3)24(4)2(5)1(6)2(7)57(8)1(9)3(10)2(11)2(12)11(13)1(14)1(15)1(16)2(17)16(18)15(19)9(20)70(21)62(22)1(23)2(24)2(25)2(26)2(27)1(28)1(29)2(30)123(31)124(32)1(33)14(34)1(35)1(36)1(37)2772(38)1(39)1(40)7(41)4(42)1(43)1(44)21(45)52(46)2(47)7(48)1(49)1(50)1(51)54(52)1(53)22(54)1(55)81(56)1(57)7(58)821(59)1(60)37(61)1(62)2(63)1(64)3(65)3(66)2(67)656(68)1(69)4(70)1060(71)
31 123 60 881
Iter 48: EHH1[0,48]=0.361478,0.343156 118(0)90(1)1(2)4(3)24(4)2(5)1(6)2(7)57(8)1(9)3(10)2(11)2(12)11(13)1(14)1(15)1(16)2(17)16(18)15(19)9(20)70(21)62(22)1(23)2(24)2(25)2(26)2(27)1(28)1(29)2(30)123(31)124(32)1(33)14(34)1(35)1(36)1(37)2772(38)1(39)1(40)7(41)4(42)1(43)1(44)21(45)52(46)2(47)7(48)1(49)1(50)1(51)54(52)1(53)22(54)1(55)81(56)1(57)7(58)1(59)1(60)37(61)1(62)2(63)1(64)3(65)3(66)2(67)656(68)1(69)4(70)1060(71)820(72)
Iter 49: EHH1[0,49]=0.361478,0.343156 118(0)90(1)1(2)4(3)24(4)2(5)1(6)2(7)57(8)1(9)3(10)2(11)2(12)11(13)1(14)1(15)1(16)2(17)16(18)15(19)9(20)70(21)62(22)1(23)2(24)2(25)2(26)2(27)1(28)1(29)2(30)123(31)124(32)1(33)14(34)1(35)1(36)1(37)2772(38)1(39)1(40)7(41)4(42)1(43)1(44)21(45)52(46)2(47)7(48)1(49)1(50)1(51)54(52)1(53)22(54)1(55)81(56)1(57)7(58)1(59)1(60)37(61)1(62)2(63)1(64)3(65)3(66)2(67)656(68)1(69)4(70)1060(71)820(72)
38 2772 49 7
70 4 82 3710
Iter 50: EHH1[0,50]=0.361478,0.341922 16(0)90(1)1(2)4(3)24(4)2(5)1(6)2(7)57(8)1(9)3(10)2(11)2(12)11(13)1(14)1(15)1(16)2(17)16(18)15(19)9(20)70(21)62(22)1(23)2(24)2(25)2(26)2(27)1(28)1(29)2(30)123(31)124(32)1(33)14(34)1(35)1(36)1(37)5(38)1(39)1(40)7(41)4(42)1(43)1(44)21(45)52(46)2(47)7(48)1(49)1(50)1(51)54(52)1(53)22(54)1(55)81(56)1(57)7(58)1(59)1(60)37(61)1(62)2(63)1(64)3(65)3(66)2(67)656(68)1(69)4(70)1060(71)818(72)102(73)2767(74)2(75)
71 1060 52 10
75 2 1999 1437
Iter 51: EHH1[0,51]=0.361478,0.341922 16(0)90(1)1(2)4(3)24(4)2(5)1(6)2(7)57(8)1(9)3(10)2(11)2(12)11(13)1(14)1(15)1(16)2(17)16(18)15(19)9(20)70(21)62(22)1(23)2(24)2(25)2(26)2(27)1(28)1(29)2(30)123(31)124(32)1(33)14(34)1(35)1(36)1(37)4(38)1(39)1(40)7(41)4(42)1(43)1(44)21(45)52(46)2(47)7(48)1(49)1(50)1(51)54(52)1(53)22(54)1(55)81(56)1(57)7(58)1(59)1(60)37(61)1(62)2(63)1(64)3(65)3(66)2(67)656(68)1(69)4(70)1060(71)818(72)102(73)2767(74)2(75)1(76)
72 818 60 8
Iter 52: EHH1[0,52]=0.361478,0.341922 16(0)90(1)1(2)4(3)24(4)2(5)1(6)2(7)57(8)1(9)3(10)2(11)2(12)11(13)1(14)1(15)1(16)2(17)16(18)15(19)9(20)70(21)62(22)1(23)2(24)2(25)2(26)2(27)1(28)1(29)2(30)123(31)124(32)1(33)14(34)1(35)1(36)1(37)4(38)1(39)1(40)7(41)4(42)1(43)1(44)21(45)52(46)2(47)7(48)1(49)1(50)1(51)54(52)1(53)22(54)1(55)81(56)1(57)7(58)1(59)1(60)37(61)1(62)2(63)1(64)3(65)3(66)2(67)656(68)1(69)4(70)1060(71)818(72)102(73)2767(74)2(75)1(76)
Iter 53: EHH1[0,53]=0.361213,0.337603 16(0)90(1)1(2)4(3)24(4)2(5)1(6)2(7)57(8)1(9)3(10)2(11)2(12)11(13)1(14)1(15)1(16)2(17)16(18)1(19)9(20)70(21)2(22)1(23)2(24)2(25)2(26)2(27)1(28)1(29)2(30)123(31)124(32)1(33)14(34)1(35)1(36)1(37)4(38)1(39)1(40)7(41)4(42)1(43)1(44)21(45)1(46)2(47)7(48)1(49)1(50)1(51)54(52)1(53)22(54)1(55)81(56)1(57)7(58)1(59)1(60)37(61)1(62)2(63)1(64)3(65)3(66)2(67)656(68)1(69)4(70)1058(71)818(72)101(73)2746(74)2(75)1(76)14(77)60(78)51(79)2(80)1(81)21(82)
Iter 54: EHH1[0,54]=0.361213,0.337603 16(0)90(1)1(2)4(3)24(4)2(5)1(6)2(7)57(8)1(9)3(10)2(11)2(12)11(13)1(14)1(15)1(16)2(17)16(18)1(19)9(20)70(21)2(22)1(23)2(24)2(25)2(26)2(27)1(28)1(29)2(30)123(31)124(32)1(33)14(34)1(35)1(36)1(37)4(38)1(39)1(40)7(41)4(42)1(43)1(44)21(45)1(46)2(47)7(48)1(49)1(50)1(51)54(52)1(53)22(54)1(55)81(56)1(57)7(58)1(59)1(60)37(61)1(62)2(63)1(64)3(65)3(66)2(67)656(68)1(69)4(70)1058(71)818(72)101(73)2746(74)2(75)1(76)14(77)60(78)51(79)2(80)1(81)21(82)
71 1058 67 10
80 2 485 4447
Iter 55: EHH1[0,55]=0.361213,0.337603 16(0)90(1)1(2)4(3)24(4)2(5)1(6)2(7)57(8)1(9)3(10)2(11)2(12)11(13)1(14)1(15)1(16)2(17)16(18)1(19)9(20)70(21)2(22)1(23)2(24)2(25)2(26)2(27)1(28)1(29)2(30)123(31)124(32)1(33)14(34)1(35)1(36)1(37)4(38)1(39)1(40)7(41)4(42)1(43)1(44)21(45)1(46)2(47)7(48)1(49)1(50)1(51)54(52)1(53)22(54)1(55)81(56)1(57)7(58)1(59)1(60)37(61)1(62)2(63)1(64)3(65)3(66)2(67)656(68)1(69)4(70)1058(71)818(72)101(73)2746(74)2(75)1(76)14(77)60(78)51(79)2(80)1(81)21(82)
1 90 107 113
78 60 56 1716
79 51 76 1747
77 14 86 2908
22 2 109 5635
Iter 56: EHH1[0,56]=0.361213,0.337603 16(0)90(1)1(2)4(3)24(4)2(5)1(6)2(7)57(8)1(9)3(10)2(11)2(12)11(13)1(14)1(15)1(16)2(17)16(18)1(19)9(20)70(21)2(22)1(23)2(24)2(25)2(26)2(27)1(28)1(29)2(30)123(31)124(32)1(33)14(34)1(35)1(36)1(37)4(38)1(39)1(40)7(41)4(42)1(43)1(44)21(45)1(46)2(47)7(48)1(49)1(50)1(51)54(52)1(53)22(54)1(55)81(56)1(57)7(58)1(59)1(60)37(61)1(62)2(63)1(64)3(65)3(66)2(67)656(68)1(69)4(70)1058(71)818(72)101(73)2746(74)2(75)1(76)14(77)60(78)51(79)2(80)1(81)21(82)
Iter 57: EHH1[0,57]=0.360948,0.337603 16(0)90(1)1(2)4(3)24(4)2(5)1(6)2(7)57(8)1(9)3(10)2(11)2(12)11(13)1(14)1(15)1(16)2(17)16(18)1(19)9(20)70(21)2(22)1(23)2(24)2(25)2(26)2(27)1(28)1(29)2(30)123(31)124(32)1(33)14(34)1(35)1(36)1(37)4(38)1(39)1(40)7(41)4(42)1(43)1(44)21(45)1(46)2(47)7(48)1(49)1(50)1(51)54(52)1(53)22(54)1(55)81(56)1(57)7(58)1(59)1(60)37(61)1(62)2(63)1(64)3(65)3(66)2(67)656(68)1(69)4(70)1058(71)818(72)101(73)2746(74)2(75)1(76)14(77)57(78)51(79)2(80)1(81)21(82)3(83)
Iter 58: EHH1[0,58]=0.360948,0.337603 16(0)90(1)1(2)4(3)24(4)2(5)1(6)2(7)57(8)1(9)3(10)2(11)2(12)11(13)1(14)1(15)1(16)2(17)16(18)1(19)9(20)70(21)2(22)1(23)2(24)2(25)2(26)2(27)1(28)1(29)2(30)123(31)124(32)1(33)14(34)1(35)1(36)1(37)4(38)1(39)1(40)7(41)4(42)1(43)1(44)21(45)1(46)2(47)7(48)1(49)1(50)1(51)54(52)1(53)22(54)1(55)81(56)1(57)7(58)1(59)1(60)37(61)1(62)2(63)1(64)3(65)3(66)2(67)656(68)1(69)4(70)1058(71)818(72)101(73)2746(74)2(75)1(76)14(77)57(78)51(79)2(80)1(81)21(82)3(83)
83 3 124 2528
Iter 59: EHH1[0,59]=0.360948,0.33701 16(0)90(1)1(2)4(3)24(4)2(5)1(6)2(7)57(8)1(9)3(10)2(11)2(12)11(13)1(14)1(15)1(16)2(17)16(18)1(19)9(20)70(21)2(22)1(23)2(24)2(25)2(26)2(27)1(28)1(29)2(30)123(31)124(32)1(33)14(34)1(35)1(36)1(37)4(38)1(39)1(40)7(41)4(42)1(43)1(44)21(45)1(46)2(47)7(48)1(49)1(50)1(51)54(52)1(53)22(54)1(55)81(56)1(57)7(58)1(59)1(60)37(61)1(62)2(63)1(64)3(65)3(66)2(67)656(68)1(69)4(70)1058(71)818(72)101(73)2743(74)2(75)1(76)14(77)57(78)51(79)2(80)1(81)21(82)3(83)3(84)
Iter 60: EHH1[0,60]=0.360948,0.33701 16(0)90(1)1(2)4(3)24(4)2(5)1(6)2(7)57(8)1(9)3(10)2(11)2(12)11(13)1(14)1(15)1(16)2(17)16(18)1(19)9(20)70(21)2(22)1(23)2(24)2(25)2(26)2(27)1(28)1(29)2(30)123(31)124(32)1(33)14(34)1(35)1(36)1(37)4(38)1(39)1(40)7(41)4(42)1(43)1(44)21(45)1(46)2(47)7(48)1(49)1(50)1(51)54(52)1(53)22(54)1(55)81(56)1(57)7(58)1(59)1(60)37(61)1(62)2(63)1(64)3(65)3(66)2(67)656(68)1(69)4(70)1058(71)818(72)101(73)2743(74)2(75)1(76)14(77)57(78)51(79)2(80)1(81)21(82)3(83)3(84)
Iter 61: EHH1[0,61]=0.360759,0.336951 16(0)90(1)1(2)4(3)24(4)2(5)1(6)2(7)57(8)1(9)3(10)2(11)2(12)11(13)1(14)1(15)1(16)2(17)16(18)1(19)9(20)70(21)2(22)1(23)2(24)2(25)2(26)2(27)1(28)1(29)2(30)1(31)124(32)1(33)14(34)1(35)1(36)1(37)4(38)1(39)1(40)7(41)4(42)1(43)1(44)21(45)1(46)2(47)7(48)1(49)1(50)1(51)54(52)1(53)22(54)1(55)81(56)1(57)7(58)1(59)1(60)37(61)1(62)2(63)1(64)3(65)3(66)2(67)656(68)1(69)4(70)1058(71)1(72)101(73)2743(74)2(75)1(76)14(77)57(78)51(79)2(80)1(81)21(82)3(83)3(84)122(85)817(86)
Iter 62: EHH1[0,62]=0.360759,0.336951 16(0)90(1)1(2)4(3)24(4)2(5)1(6)2(7)57(8)1(9)3(10)2(11)2(12)11(13)1(14)1(15)1(16)2(17)16(18)1(19)9(20)70(21)2(22)1(23)2(24)2(25)2(26)2(27)1(28)1(29)2(30)1(31)124(32)1(33)14(34)1(35)1(36)1(37)4(38)1(39)1(40)7(41)4(42)1(43)1(44)21(45)1(46)2(47)7(48)1(49)1(50)1(51)54(52)1(53)22(54)1(55)81(56)1(57)7(58)1(59)1(60)37(61)1(62)2(63)1(64)3(65)3(66)2(67)656(68)1(69)4(70)1058(71)1(72)101(73)2743(74)2(75)1(76)14(77)57(78)51(79)2(80)1(81)21(82)3(83)3(84)122(85)817(86)
Iter 63: EHH1[0,63]=0.360759,0.336951 16(0)90(1)1(2)4(3)24(4)2(5)1(6)2(7)57(8)1(9)3(10)2(11)2(12)11(13)1(14)1(15)1(16)2(17)16(18)1(19)9(20)70(21)2(22)1(23)2(24)2(25)2(26)2(27)1(28)1(29)2(30)1(31)124(32)1(33)14(34)1(35)1(36)1(37)4(38)1(39)1(40)7(41)4(42)1(43)1(44)21(45)1(46)2(47)7(48)1(49)1(50)1(51)54(52)1(53)22(54)1(55)81(56)1(57)7(58)1(59)1(60)37(61)1(62)2(63)1(64)3(65)3(66)2(67)656(68)1(69)4(70)1058(71)1(72)101(73)2743(74)2(75)1(76)14(77)57(78)51(79)2(80)1(81)21(82)3(83)3(84)122(85)817(86)
86 817 75 8
85 122 86 881
78 57 85 2092
Iter 64: EHH1[0,64]=0.360759,0.336951 16(0)90(1)1(2)4(3)24(4)2(5)1(6)2(7)57(8)1(9)3(10)2(11)2(12)11(13)1(14)1(15)1(16)2(17)16(18)1(19)9(20)70(21)2(22)1(23)2(24)2(25)2(26)2(27)1(28)1(29)2(30)1(31)124(32)1(33)14(34)1(35)1(36)1(37)4(38)1(39)1(40)7(41)4(42)1(43)1(44)21(45)1(46)2(47)7(48)1(49)1(50)1(51)54(52)1(53)22(54)1(55)81(56)1(57)7(58)1(59)1(60)37(61)1(62)2(63)1(64)3(65)3(66)2(67)656(68)1(69)4(70)1058(71)1(72)101(73)2743(74)2(75)1(76)14(77)57(78)51(79)2(80)1(81)21(82)3(83)3(84)122(85)817(86)
Iter 65: EHH1[0,65]=0.360759,0.336951 16(0)90(1)1(2)4(3)24(4)2(5)1(6)2(7)57(8)1(9)3(10)2(11)2(12)11(13)1(14)1(15)1(16)2(17)16(18)1(19)9(20)70(21)2(22)1(23)2(24)2(25)2(26)2(27)1(28)1(29)2(30)1(31)124(32)1(33)14(34)1(35)1(36)1(37)4(38)1(39)1(40)7(41)4(42)1(43)1(44)21(45)1(46)2(47)7(48)1(49)1(50)1(51)54(52)1(53)22(54)1(55)81(56)1(57)7(58)1(59)1(60)37(61)1(62)2(63)1(64)3(65)3(66)2(67)656(68)1(69)4(70)1058(71)1(72)101(73)2743(74)2(75)1(76)14(77)57(78)51(79)2(80)1(81)21(82)3(83)3(84)122(85)817(86)
Iter 66: EHH1[0,66]=0.360759,0.336951 16(0)90(1)1(2)4(3)24(4)2(5)1(6)2(7)57(8)1(9)3(10)2(11)2(12)11(13)1(14)1(15)1(16)2(17)16(18)1(19)9(20)70(21)2(22)1(23)2(24)2(25)2(26)2(27)1(28)1(29)2(30)1(31)124(32)1(33)14(34)1(35)1(36)1(37)4(38)1(39)1(40)7(41)4(42)1(43)1(44)21(45)1(46)2(47)7(48)1(49)1(50)1(51)54(52)1(53)22(54)1(55)81(56)1(57)7(58)1(59)1(60)37(61)1(62)2(63)1(64)3(65)3(66)2(67)656(68)1(69)4(70)1058(71)1(72)101(73)2743(74)2(75)1(76)14(77)57(78)51(79)2(80)1(81)21(82)3(83)3(84)122(85)817(86)
Iter 67: EHH1[0,67]=0.360759,0.336951 16(0)90(1)1(2)4(3)24(4)2(5)1(6)2(7)57(8)1(9)3(10)2(11)2(12)11(13)1(14)1(15)1(16)2(17)16(18)1(19)9(20)70(21)2(22)1(23)2(24)2(25)2(26)2(27)1(28)1(29)2(30)1(31)124(32)1(33)14(34)1(35)1(36)1(37)4(38)1(39)1(40)7(41)4(42)1(43)1(44)21(45)1(46)2(47)7(48)1(49)1(50)1(51)54(52)1(53)22(54)1(55)81(56)1(57)7(58)1(59)1(60)37(61)1(62)2(63)1(64)3(65)3(66)2(67)656(68)1(69)4(70)1058(71)1(72)101(73)2743(74)2(75)1(76)14(77)57(78)51(79)2(80)1(81)21(82)3(83)3(84)122(85)817(86)
Iter 68: EHH1[0,68]=0.360759,0.336875 16(0)90(1)1(2)4(3)24(4)2(5)1(6)2(7)57(8)1(9)3(10)2(11)2(12)11(13)1(14)1(15)1(16)2(17)16(18)1(19)9(20)70(21)2(22)1(23)2(24)2(25)2(26)2(27)1(28)1(29)2(30)1(31)124(32)1(33)14(34)1(35)1(36)1(37)4(38)1(39)1(40)7(41)4(42)1(43)1(44)21(45)1(46)2(47)7(48)1(49)1(50)1(51)54(52)1(53)22(54)1(55)81(56)1(57)7(58)1(59)1(60)37(61)1(62)2(63)1(64)3(65)3(66)2(67)656(68)1(69)4(70)1(71)1(72)101(73)2743(74)2(75)1(76)14(77)57(78)51(79)2(80)1(81)21(82)3(83)3(84)122(85)817(86)1057(87)
87 1057 76 10
Iter 69: EHH1[0,69]=0.360759,0.336875 16(0)90(1)1(2)4(3)24(4)2(5)1(6)2(7)57(8)1(9)3(10)2(11)2(12)11(13)1(14)1(15)1(16)2(17)16(18)1(19)9(20)70(21)2(22)1(23)2(24)2(25)2(26)2(27)1(28)1(29)2(30)1(31)124(32)1(33)14(34)1(35)1(36)1(37)4(38)1(39)1(40)7(41)4(42)1(43)1(44)21(45)1(46)2(47)7(48)1(49)1(50)1(51)54(52)1(53)22(54)1(55)81(56)1(57)7(58)1(59)1(60)37(61)1(62)2(63)1(64)3(65)3(66)2(67)656(68)1(69)4(70)1(71)1(72)101(73)2743(74)2(75)1(76)14(77)57(78)51(79)2(80)1(81)21(82)3(83)3(84)122(85)817(86)1057(87)
Iter 70: EHH1[0,70]=0.360759,0.336875 16(0)90(1)1(2)4(3)24(4)2(5)1(6)2(7)57(8)1(9)3(10)2(11)2(12)11(13)1(14)1(15)1(16)2(17)16(18)1(19)9(20)70(21)2(22)1(23)2(24)2(25)2(26)2(27)1(28)1(29)2(30)1(31)124(32)1(33)14(34)1(35)1(36)1(37)4(38)1(39)1(40)7(41)4(42)1(43)1(44)21(45)1(46)2(47)7(48)1(49)1(50)1(51)54(52)1(53)22(54)1(55)81(56)1(57)7(58)1(59)1(60)37(61)1(62)2(63)1(64)3(65)3(66)2(67)656(68)1(69)4(70)1(71)1(72)101(73)2743(74)2(75)1(76)14(77)57(78)51(79)2(80)1(81)21(82)3(83)3(84)122(85)817(86)1057(87)
Iter 71: EHH1[0,71]=0.360759,0.336875 16(0)90(1)1(2)4(3)24(4)2(5)1(6)2(7)57(8)1(9)3(10)2(11)2(12)11(13)1(14)1(15)1(16)2(17)16(18)1(19)9(20)70(21)2(22)1(23)2(24)2(25)2(26)2(27)1(28)1(29)2(30)1(31)124(32)1(33)14(34)1(35)1(36)1(37)4(38)1(39)1(40)7(41)4(42)1(43)1(44)21(45)1(46)2(47)7(48)1(49)1(50)1(51)54(52)1(53)22(54)1(55)81(56)1(57)7(58)1(59)1(60)37(61)1(62)2(63)1(64)3(65)3(66)2(67)656(68)1(69)4(70)1(71)1(72)101(73)2743(74)2(75)1(76)14(77)57(78)51(79)2(80)1(81)21(82)3(83)3(84)122(85)817(86)1057(87)
Iter 72: EHH1[0,72]=0.360759,0.336875 16(0)90(1)1(2)4(3)24(4)2(5)1(6)2(7)57(8)1(9)3(10)2(11)2(12)11(13)1(14)1(15)1(16)2(17)16(18)1(19)9(20)70(21)2(22)1(23)2(24)2(25)2(26)2(27)1(28)1(29)2(30)1(31)124(32)1(33)14(34)1(35)1(36)1(37)4(38)1(39)1(40)7(41)4(42)1(43)1(44)21(45)1(46)2(47)7(48)1(49)1(50)1(51)54(52)1(53)22(54)1(55)81(56)1(57)7(58)1(59)1(60)37(61)1(62)2(63)1(64)3(65)3(66)2(67)656(68)1(69)4(70)1(71)1(72)101(73)2743(74)2(75)1(76)14(77)57(78)51(79)2(80)1(81)21(82)3(83)3(84)122(85)817(86)1057(87)
Iter 73: EHH1[0,73]=0.360759,0.336875 16(0)90(1)1(2)4(3)24(4)2(5)1(6)2(7)57(8)1(9)3(10)2(11)2(12)11(13)1(14)1(15)1(16)2(17)16(18)1(19)9(20)70(21)2(22)1(23)2(24)2(25)2(26)2(27)1(28)1(29)2(30)1(31)124(32)1(33)14(34)1(35)1(36)1(37)4(38)1(39)1(40)7(41)4(42)1(43)1(44)21(45)1(46)2(47)7(48)1(49)1(50)1(51)54(52)1(53)22(54)1(55)81(56)1(57)7(58)1(59)1(60)37(61)1(62)2(63)1(64)3(65)3(66)2(67)656(68)1(69)4(70)1(71)1(72)101(73)2743(74)2(75)1(76)14(77)57(78)51(79)2(80)1(81)21(82)3(83)3(84)122(85)817(86)1057(87)
Iter 74: EHH1[0,74]=0.360759,0.336875 16(0)90(1)1(2)4(3)24(4)2(5)1(6)2(7)57(8)1(9)3(10)2(11)2(12)11(13)1(14)1(15)1(16)2(17)16(18)1(19)9(20)70(21)2(22)1(23)2(24)2(25)2(26)2(27)1(28)1(29)2(30)1(31)124(32)1(33)14(34)1(35)1(36)1(37)4(38)1(39)1(40)7(41)4(42)1(43)1(44)21(45)1(46)2(47)7(48)1(49)1(50)1(51)54(52)1(53)22(54)1(55)81(56)1(57)7(58)1(59)1(60)37(61)1(62)2(63)1(64)3(65)3(66)2(67)656(68)1(69)4(70)1(71)1(72)101(73)2743(74)2(75)1(76)14(77)57(78)51(79)2(80)1(81)21(82)3(83)3(84)122(85)817(86)1057(87)
Iter 75: EHH1[0,75]=0.360759,0.336479 16(0)90(1)1(2)4(3)24(4)2(5)1(6)2(7)57(8)1(9)3(10)2(11)2(12)11(13)1(14)1(15)1(16)2(17)16(18)1(19)9(20)70(21)2(22)1(23)2(24)2(25)2(26)2(27)1(28)1(29)2(30)1(31)124(32)1(33)14(34)1(35)1(36)1(37)4(38)1(39)1(40)7(41)4(42)1(43)1(44)21(45)1(46)2(47)7(48)1(49)1(50)1(51)54(52)1(53)22(54)1(55)81(56)1(57)7(58)1(59)1(60)37(61)1(62)2(63)1(64)3(65)3(66)2(67)656(68)1(69)4(70)1(71)1(72)101(73)2741(74)2(75)1(76)14(77)57(78)51(79)2(80)1(81)21(82)3(83)3(84)122(85)817(86)1057(87)2(88)
Iter 76: EHH1[0,76]=0.360759,0.33642 16(0)90(1)1(2)4(3)24(4)2(5)1(6)2(7)57(8)1(9)3(10)2(11)2(12)11(13)1(14)1(15)1(16)2(17)16(18)1(19)9(20)70(21)2(22)1(23)2(24)2(25)2(26)2(27)1(28)1(29)2(30)1(31)124(32)1(33)14(34)1(35)1(36)1(37)4(38)1(39)1(40)7(41)4(42)1(43)1(44)21(45)1(46)2(47)7(48)1(49)1(50)1(51)54(52)1(53)22(54)1(55)81(56)1(57)7(58)1(59)1(60)37(61)1(62)2(63)1(64)3(65)3(66)2(67)656(68)1(69)4(70)1(71)1(72)101(73)2741(74)2(75)1(76)14(77)57(78)51(79)2(80)1(81)21(82)3(83)3(84)122(85)1(86)1057(87)2(88)816(89)
89 816 83 8
Iter 77: EHH1[0,77]=0.360682,0.336337 16(0)90(1)1(2)4(3)24(4)2(5)1(6)2(7)57(8)1(9)3(10)2(11)2(12)11(13)1(14)1(15)1(16)2(17)16(18)1(19)9(20)70(21)2(22)1(23)2(24)2(25)2(26)2(27)1(28)1(29)2(30)1(31)124(32)1(33)14(34)1(35)1(36)1(37)4(38)1(39)1(40)7(41)4(42)1(43)1(44)21(45)1(46)2(47)7(48)1(49)1(50)1(51)54(52)1(53)22(54)1(55)81(56)1(57)7(58)1(59)1(60)37(61)1(62)2(63)1(64)3(65)3(66)2(67)656(68)1(69)4(70)1(71)1(72)100(73)2741(74)2(75)1(76)14(77)57(78)1(79)2(80)1(81)21(82)3(83)3(84)122(85)1(86)1(87)1(88)816(89)1(90)50(91)1056(92)1(93)
92 1056 77 10
91 50 85 1747
Iter 78: EHH1[0,78]=0.359667,0.335986 16(0)90(1)1(2)4(3)24(4)2(5)1(6)2(7)57(8)1(9)3(10)2(11)2(12)11(13)1(14)1(15)1(16)2(17)1(18)1(19)9(20)70(21)2(22)1(23)2(24)2(25)2(26)2(27)1(28)1(29)2(30)1(31)124(32)1(33)14(34)1(35)1(36)1(37)4(38)1(39)1(40)7(41)4(42)1(43)1(44)21(45)1(46)2(47)7(48)1(49)1(50)1(51)54(52)1(53)22(54)1(55)81(56)1(57)7(58)1(59)1(60)37(61)1(62)2(63)1(64)3(65)3(66)2(67)1(68)1(69)4(70)1(71)1(72)100(73)2740(74)2(75)1(76)14(77)57(78)1(79)2(80)1(81)21(82)3(83)3(84)122(85)1(86)1(87)1(88)816(89)1(90)50(91)2(92)1(93)15(94)655(95)1(96)1054(97)
95 655 81 4
Iter 79: EHH1[0,79]=0.359667,0.335986 16(0)90(1)1(2)4(3)24(4)2(5)1(6)2(7)57(8)1(9)3(10)2(11)2(12)11(13)1(14)1(15)1(16)2(17)1(18)1(19)9(20)70(21)2(22)1(23)2(24)2(25)2(26)2(27)1(28)1(29)2(30)1(31)124(32)1(33)14(34)1(35)1(36)1(37)4(38)1(39)1(40)7(41)4(42)1(43)1(44)21(45)1(46)2(47)7(48)1(49)1(50)1(51)54(52)1(53)22(54)1(55)81(56)1(57)7(58)1(59)1(60)37(61)1(62)2(63)1(64)3(65)3(66)2(67)1(68)1(69)4(70)1(71)1(72)100(73)2740(74)2(75)1(76)14(77)57(78)1(79)2(80)1(81)21(82)3(83)3(84)122(85)1(86)1(87)1(88)816(89)1(90)50(91)2(92)1(93)15(94)655(95)1(96)1054(97)
97 1054 84 10
94 15 87 2599
92 2 242 4093
Iter 80: EHH1[0,80]=0.359667,0.335385 16(0)90(1)1(2)4(3)24(4)2(5)1(6)2(7)57(8)1(9)3(10)2(11)2(12)11(13)1(14)1(15)1(16)2(17)1(18)1(19)9(20)70(21)2(22)1(23)2(24)2(25)2(26)2(27)1(28)1(29)2(30)1(31)1(32)1(33)14(34)1(35)1(36)1(37)4(38)1(39)1(40)7(41)4(42)1(43)1(44)21(45)1(46)2(47)7(48)1(49)1(50)1(51)54(52)1(53)22(54)1(55)81(56)1(57)7(58)1(59)1(60)37(61)1(62)2(63)1(64)3(65)3(66)2(67)1(68)1(69)4(70)1(71)1(72)100(73)2737(74)2(75)1(76)14(77)57(78)1(79)2(80)1(81)21(82)3(83)3(84)122(85)1(86)1(87)1(88)816(89)1(90)50(91)2(92)1(93)15(94)655(95)1(96)1054(97)123(98)3(99)
98 123 88 1712
99 3 84 3722
Iter 81: EHH1[0,81]=0.359667,0.335385 16(0)90(1)1(2)4(3)24(4)2(5)1(6)2(7)57(8)1(9)3(10)2(11)2(12)11(13)1(14)1(15)1(16)2(17)1(18)1(19)9(20)70(21)2(22)1(23)2(24)2(25)2(26)2(27)1(28)1(29)2(30)1(31)1(32)1(33)14(34)1(35)1(36)1(37)4(38)1(39)1(40)7(41)4(42)1(43)1(44)21(45)1(46)2(47)7(48)1(49)1(50)1(51)54(52)1(53)22(54)1(55)81(56)1(57)7(58)1(59)1(60)37(61)1(62)2(63)1(64)3(65)3(66)2(67)1(68)1(69)4(70)1(71)1(72)100(73)2737(74)2(75)1(76)14(77)57(78)1(79)2(80)1(81)21(82)3(83)3(84)122(85)1(86)1(87)1(88)816(89)1(90)50(91)2(92)1(93)15(94)655(95)1(96)1054(97)123(98)3(99)
Iter 82: EHH1[0,82]=0.357645,0.334991 16(0)90(1)1(2)4(3)24(4)2(5)1(6)2(7)57(8)1(9)3(10)2(11)2(12)11(13)1(14)1(15)1(16)2(17)1(18)1(19)9(20)70(21)2(22)1(23)2(24)2(25)2(26)2(27)1(28)1(29)2(30)1(31)1(32)1(33)14(34)1(35)1(36)1(37)4(38)1(39)1(40)7(41)4(42)1(43)1(44)21(45)1(46)2(47)7(48)1(49)1(50)1(51)54(52)1(53)22(54)1(55)81(56)1(57)7(58)1(59)1(60)37(61)1(62)2(63)1(64)3(65)3(66)2(67)1(68)1(69)4(70)1(71)1(72)100(73)2735(74)2(75)1(76)14(77)57(78)1(79)2(80)1(81)21(82)3(83)3(84)122(85)1(86)1(87)1(88)816(89)1(90)50(91)2(92)1(93)15(94)2(95)1(96)1054(97)123(98)3(99)2(100)653(101)
82 21 82 677
95 2 648 6368
Iter 83: EHH1[0,83]=0.357644,0.218503 16(0)90(1)1(2)4(3)24(4)1(5)1(6)2(7)28(8)1(9)3(10)2(11)2(12)11(13)1(14)1(15)1(16)2(17)1(18)1(19)9(20)70(21)2(22)1(23)2(24)2(25)2(26)2(27)1(28)1(29)2(30)1(31)1(32)1(33)14(34)1(35)1(36)1(37)4(38)1(39)1(40)7(41)4(42)1(43)1(44)21(45)1(46)2(47)7(48)1(49)1(50)1(51)54(52)1(53)22(54)1(55)81(56)1(57)5(58)1(59)1(60)37(61)1(62)2(63)1(64)3(65)2(66)2(67)1(68)1(69)2(70)1(71)1(72)100(73)1873(74)2(75)1(76)14(77)57(78)1(79)2(80)1(81)14(82)3(83)3(84)122(85)1(86)1(87)1(88)816(89)1(90)50(91)2(92)1(93)15(94)2(95)1(96)1054(97)123(98)3(99)2(100)653(101)1(102)29(103)2(104)1(105)2(106)862(107)7(108)
101 653 84 4
100 2 594 5236
Iter 84: EHH1[0,84]=0.357644,0.217905 16(0)90(1)1(2)4(3)24(4)1(5)1(6)2(7)28(8)1(9)3(10)2(11)2(12)11(13)1(14)1(15)1(16)2(17)1(18)1(19)9(20)70(21)2(22)1(23)2(24)2(25)2(26)2(27)1(28)1(29)2(30)1(31)1(32)1(33)14(34)1(35)1(36)1(37)4(38)1(39)1(40)7(41)4(42)1(43)1(44)21(45)1(46)2(47)7(48)1(49)1(50)1(51)54(52)1(53)22(54)1(55)81(56)1(57)5(58)1(59)1(60)37(61)1(62)2(63)1(64)3(65)2(66)2(67)1(68)1(69)2(70)1(71)1(72)100(73)1869(74)2(75)1(76)14(77)57(78)1(79)2(80)1(81)14(82)3(83)3(84)122(85)1(86)1(87)1(88)1(89)1(90)50(91)2(92)1(93)15(94)2(95)1(96)1054(97)123(98)3(99)2(100)653(101)1(102)29(103)2(104)1(105)2(106)862(107)7(108)4(109)815(110)
Iter 85: EHH1[0,85]=0.356634,0.217552 16(0)90(1)1(2)4(3)24(4)1(5)1(6)2(7)28(8)1(9)3(10)2(11)2(12)11(13)1(14)1(15)1(16)2(17)1(18)1(19)9(20)70(21)2(22)1(23)2(24)2(25)2(26)2(27)1(28)1(29)2(30)1(31)1(32)1(33)14(34)1(35)1(36)1(37)4(38)1(39)1(40)7(41)4(42)1(43)1(44)21(45)1(46)2(47)6(48)1(49)1(50)1(51)54(52)1(53)22(54)1(55)81(56)1(57)5(58)1(59)1(60)2(61)1(62)2(63)1(64)3(65)2(66)2(67)1(68)1(69)2(70)1(71)1(72)100(73)1869(74)2(75)1(76)14(77)57(78)1(79)2(80)1(81)14(82)3(83)3(84)122(85)1(86)1(87)1(88)1(89)1(90)50(91)2(92)1(93)15(94)2(95)1(96)3(97)123(98)1(99)2(100)652(101)1(102)29(103)2(104)1(105)2(106)861(107)7(108)4(109)814(110)1(111)35(112)1051(113)2(114)1(115)1(116)1(117)
101 652 85 4
Iter 86: EHH1[0,86]=0.355391,0.217158 16(0)90(1)1(2)4(3)24(4)1(5)1(6)2(7)28(8)1(9)3(10)2(11)2(12)11(13)1(14)1(15)1(16)2(17)1(18)1(19)9(20)70(21)2(22)1(23)2(24)2(25)2(26)2(27)1(28)1(29)2(30)1(31)1(32)1(33)14(34)1(35)1(36)1(37)4(38)1(39)1(40)7(41)4(42)1(43)1(44)21(45)1(46)2(47)6(48)1(49)1(50)1(51)54(52)1(53)22(54)1(55)81(56)1(57)5(58)1(59)1(60)2(61)1(62)2(63)1(64)3(65)2(66)2(67)1(68)1(69)2(70)1(71)1(72)100(73)1868(74)2(75)1(76)14(77)1(78)1(79)2(80)1(81)14(82)3(83)3(84)122(85)1(86)1(87)1(88)1(89)1(90)2(91)2(92)1(93)15(94)2(95)1(96)3(97)123(98)1(99)2(100)1(101)1(102)29(103)2(104)1(105)2(106)859(107)7(108)2(109)813(110)1(111)35(112)1050(113)2(114)1(115)1(116)1(117)1(118)56(119)48(120)651(121)2(122)2(123)1(124)1(125)
121 651 87 4
112 35 88 104
120 48 91 1747
119 56 89 2092
123 2 460 3252
122 2 198 3938
114 2 207 4050
48 6 191 4541
97 3 86 4642
Iter 87: EHH1[0,87]=0.352278,0.216229 16(0)90(1)1(2)4(3)24(4)1(5)1(6)2(7)28(8)1(9)3(10)2(11)2(12)11(13)1(14)1(15)1(16)2(17)1(18)1(19)9(20)70(21)2(22)1(23)2(24)2(25)2(26)2(27)1(28)1(29)2(30)1(31)1(32)1(33)14(34)1(35)1(36)1(37)4(38)1(39)1(40)7(41)4(42)1(43)1(44)21(45)1(46)2(47)6(48)1(49)1(50)1(51)1(52)1(53)22(54)1(55)81(56)1(57)5(58)1(59)1(60)2(61)1(62)2(63)1(64)3(65)2(66)2(67)1(68)1(69)2(70)1(71)1(72)100(73)1862(74)2(75)1(76)8(77)1(78)1(79)2(80)1(81)14(82)3(83)3(84)19(85)1(86)1(87)1(88)1(89)1(90)2(91)2(92)1(93)15(94)2(95)1(96)1(97)123(98)1(99)2(100)1(101)1(102)29(103)2(104)1(105)2(106)858(107)7(108)2(109)1(110)1(111)35(112)1050(113)2(114)1(115)1(116)1(117)1(118)56(119)48(120)651(121)2(122)2(123)1(124)1(125)53(126)6(127)6(128)103(129)2(130)1(131)812(132)
109 2 1999 1631
Iter 88: EHH1[0,88]=0.323431,0.210148 16(0)90(1)1(2)4(3)1(4)1(5)1(6)2(7)28(8)1(9)3(10)2(11)2(12)11(13)1(14)1(15)1(16)2(17)1(18)1(19)7(20)70(21)2(22)1(23)2(24)2(25)2(26)2(27)1(28)1(29)2(30)1(31)1(32)1(33)14(34)1(35)1(36)1(37)4(38)1(39)1(40)7(41)4(42)1(43)1(44)21(45)1(46)2(47)6(48)1(49)1(50)1(51)1(52)1(53)22(54)1(55)51(56)1(57)4(58)1(59)1(60)2(61)1(62)2(63)1(64)3(65)2(66)2(67)1(68)1(69)2(70)1(71)1(72)100(73)1827(74)2(75)1(76)8(77)1(78)1(79)2(80)1(81)14(82)3(83)3(84)19(85)1(86)1(87)1(88)1(89)1(90)2(91)2(92)1(93)1(94)2(95)1(96)1(97)123(98)1(99)2(100)1(101)1(102)29(103)2(104)1(105)2(106)857(107)7(108)2(109)1(110)1(111)35(112)1048(113)2(114)1(115)1(116)1(117)1(118)56(119)48(120)621(121)2(122)2(123)1(124)1(125)53(126)5(127)6(128)103(129)1(130)1(131)20(132)23(133)2(134)30(135)1(136)35(137)14(138)1(139)2(140)30(141)1(142)1(143)792(144)
128 6 127 2908
140 2 1999 4455
